Subpopulacao\Geracao	gFinal
NSGA3_DistanciaMin	1383,60
NSGA3_TempoMin	1349,44
NSGA3_CombustivelMin	694,05
NSGA3_DistanciaMedia	1394,76
NSGA3_TempoMedio	1353,09
NSGA3_CombustivelMedio	700,19
NSGA3_FitnessPonderadoMin	3437,50
NSGA3_FitnessPonderadoMedio	3451,29
NSGA3_TamanhoFrente	6
TempoExecucao(ms)	481937
Parametros	Pop=600; Geracoes=3000; Pc=1,00; Pm=0,01

=== DIAGNOSTICO ===
Solucoes criadas: 596
Total avaliacoes: 1788596
Solucoes unicas: 20019

=== HISTORICO DE EVOLUCAO ===
Eval	BestDist	BestTime	BestFuel
5000	1453,17	1381,12	732,00
10000	1453,17	1378,05	732,00
15000	1453,17	1378,05	732,00
20000	1452,83	1376,64	732,00
25000	1448,72	1376,64	728,32
30000	1448,72	1376,64	728,32
35000	1448,72	1376,64	728,32
40000	1448,72	1373,42	728,32
45000	1448,72	1373,42	728,32
50000	1446,01	1372,25	727,57
55000	1443,34	1372,25	725,85
60000	1443,34	1372,25	725,85
65000	1443,34	1372,01	725,85
70000	1443,34	1372,01	725,85
75000	1431,61	1372,01	719,85
80000	1431,61	1372,01	719,85
85000	1431,61	1369,67	719,85
90000	1431,61	1369,67	719,85
95000	1431,61	1369,67	719,85
100000	1431,61	1366,61	719,85
105000	1431,61	1366,61	719,85
110000	1431,61	1364,03	719,85
115000	1430,70	1360,69	717,38
120000	1430,70	1360,69	717,38
125000	1430,70	1360,69	717,38
130000	1430,70	1360,69	717,38
135000	1424,46	1360,69	715,43
140000	1421,78	1360,69	713,70
145000	1421,78	1360,69	713,70
150000	1421,78	1359,31	713,70
155000	1421,62	1359,31	710,40
160000	1421,62	1359,31	710,40
165000	1421,62	1359,31	710,40
170000	1421,62	1359,31	710,40
175000	1413,44	1358,11	710,03
180000	1413,44	1358,11	710,03
185000	1413,44	1358,11	710,03
190000	1413,44	1358,11	710,03
195000	1413,44	1358,11	710,03
200000	1413,44	1358,11	710,03
205000	1413,44	1358,11	710,03
210000	1413,44	1358,11	710,03
215000	1412,56	1358,11	710,03
220000	1412,56	1358,11	710,03
225000	1410,68	1358,11	706,88
230000	1410,68	1358,11	706,88
235000	1410,68	1357,46	706,88
240000	1410,68	1357,46	706,88
245000	1410,61	1357,46	705,00
250000	1410,61	1357,46	705,00
255000	1405,54	1357,46	704,40
260000	1405,54	1357,46	704,40
265000	1405,54	1357,33	704,40
270000	1405,54	1355,36	704,40
275000	1405,54	1355,36	704,40
280000	1405,54	1355,36	704,40
285000	1405,54	1355,36	704,40
290000	1405,54	1355,36	704,40
295000	1405,54	1355,36	704,40
300000	1405,54	1355,36	704,40
305000	1405,54	1355,36	704,40
310000	1405,54	1355,36	704,40
315000	1405,54	1353,19	704,40
320000	1404,91	1353,19	704,40
325000	1396,98	1353,19	700,05
330000	1396,98	1353,19	700,05
335000	1396,98	1353,19	700,05
340000	1396,98	1353,19	700,05
345000	1396,98	1353,19	700,05
350000	1396,98	1353,19	700,05
355000	1396,98	1353,19	700,05
360000	1396,98	1353,19	700,05
365000	1396,98	1353,19	700,05
370000	1396,98	1353,19	700,05
375000	1396,98	1353,19	700,05
380000	1396,98	1353,19	700,05
385000	1396,10	1353,19	700,05
390000	1396,10	1351,09	700,05
395000	1394,49	1351,09	698,33
400000	1394,49	1351,09	698,33
405000	1394,49	1351,09	698,33
410000	1394,49	1350,52	698,33
415000	1394,49	1350,52	698,33
420000	1394,49	1350,52	698,33
425000	1394,49	1350,52	698,33
430000	1394,49	1350,52	698,33
435000	1394,49	1350,52	698,33
440000	1394,49	1350,52	698,33
445000	1394,49	1350,52	698,33
450000	1394,49	1350,41	698,33
455000	1394,49	1350,41	698,33
460000	1394,49	1350,41	698,33
465000	1394,49	1349,88	698,33
470000	1393,94	1349,88	698,33
475000	1393,94	1349,88	698,33
480000	1393,94	1349,88	698,33
485000	1393,94	1349,88	698,33
490000	1393,94	1349,88	698,33
495000	1393,94	1349,88	698,33
500000	1393,94	1349,88	698,33
505000	1393,94	1349,88	698,33
510000	1393,94	1349,88	698,33
515000	1393,94	1349,88	698,33
520000	1393,94	1349,88	698,33
525000	1393,94	1349,78	698,33
530000	1393,94	1349,78	698,33
535000	1393,94	1349,78	698,33
540000	1393,94	1349,39	698,33
545000	1393,94	1349,39	698,33
550000	1393,94	1349,39	698,33
555000	1393,94	1349,39	698,33
560000	1393,94	1349,39	698,33
565000	1393,94	1349,39	698,33
570000	1393,94	1349,39	698,33
575000	1393,94	1349,39	698,33
580000	1393,61	1349,39	698,33
585000	1393,61	1349,39	698,33
590000	1393,61	1349,39	698,33
595000	1393,61	1349,39	698,33
600000	1393,61	1349,39	698,33
605000	1393,61	1349,39	698,33
610000	1393,61	1349,39	698,33
615000	1393,61	1349,39	698,33
620000	1393,61	1349,39	698,33
625000	1393,61	1349,39	698,33
630000	1393,61	1349,39	698,33
635000	1393,61	1349,39	698,33
640000	1393,61	1349,39	698,33
645000	1391,68	1349,39	698,33
650000	1391,68	1349,39	698,33
655000	1391,68	1349,39	698,33
660000	1391,68	1349,39	698,33
665000	1391,68	1349,39	698,33
670000	1391,68	1349,39	698,33
675000	1391,68	1349,39	698,33
680000	1391,68	1349,39	698,33
685000	1391,68	1349,39	698,33
690000	1391,68	1349,39	698,33
695000	1391,68	1349,39	698,33
700000	1391,68	1349,39	698,33
705000	1391,68	1349,39	698,33
710000	1391,68	1349,39	698,33
715000	1391,68	1349,39	698,33
720000	1391,68	1349,39	698,33
725000	1391,68	1349,39	698,33
730000	1391,68	1349,39	698,33
735000	1386,22	1349,39	696,98
740000	1386,22	1349,39	696,98
745000	1386,22	1349,39	696,98
750000	1386,22	1349,39	696,98
755000	1386,22	1349,39	696,98
760000	1386,22	1349,39	696,98
765000	1386,22	1349,39	696,98
770000	1386,22	1349,39	696,98
775000	1386,22	1349,39	696,98
780000	1386,22	1349,39	696,98
785000	1386,22	1349,39	696,98
790000	1386,22	1349,39	696,98
795000	1386,22	1349,39	696,98
800000	1386,22	1349,39	696,98
805000	1386,22	1349,39	696,98
810000	1386,22	1349,39	696,98
815000	1386,22	1349,39	696,98
820000	1386,22	1349,39	695,93
825000	1386,22	1349,39	695,93
830000	1386,22	1349,39	695,93
835000	1386,22	1349,39	695,93
840000	1386,22	1349,39	695,93
845000	1386,22	1349,39	695,93
850000	1386,22	1349,39	695,93
855000	1386,22	1349,39	695,93
860000	1386,22	1349,39	695,93
865000	1386,22	1349,39	695,93
870000	1386,22	1349,39	695,93
875000	1386,22	1349,39	695,93
880000	1386,22	1349,39	695,93
885000	1386,22	1349,39	695,93
890000	1386,22	1349,39	695,93
895000	1386,22	1349,39	695,93
900000	1386,22	1349,39	695,93
905000	1386,22	1349,39	695,93
910000	1386,22	1349,39	695,93
915000	1386,22	1349,39	695,93
920000	1386,22	1349,39	695,93
925000	1386,22	1349,39	695,93
930000	1386,22	1349,39	695,93
935000	1386,22	1349,39	695,93
940000	1384,66	1349,39	695,93
945000	1384,66	1349,39	695,93
950000	1384,66	1349,39	695,93
955000	1384,66	1349,39	695,93
960000	1384,66	1349,39	695,93
965000	1384,66	1349,39	695,93
970000	1384,66	1349,39	695,93
975000	1384,15	1349,39	694,05
980000	1384,15	1349,39	694,05
985000	1384,15	1349,39	694,05
990000	1384,15	1349,39	694,05
995000	1384,15	1349,39	694,05
1000000	1384,15	1349,39	694,05
1005000	1384,15	1349,39	694,05
1010000	1384,15	1349,39	694,05
1015000	1384,15	1349,39	694,05
1020000	1384,15	1349,39	694,05
1025000	1384,15	1349,39	694,05
1030000	1384,15	1349,39	694,05
1035000	1384,15	1349,39	694,05
1040000	1384,15	1349,39	694,05
1045000	1384,15	1349,39	694,05
1050000	1384,15	1349,39	694,05
1055000	1384,15	1349,39	694,05
1060000	1384,15	1349,39	694,05
1065000	1384,15	1349,39	694,05
1070000	1384,15	1349,39	694,05
1075000	1384,15	1349,39	694,05
1080000	1384,15	1349,39	694,05
1085000	1384,15	1349,39	694,05
1090000	1384,15	1349,39	694,05
1095000	1384,15	1349,39	694,05
1100000	1383,60	1349,39	694,05
1105000	1383,60	1349,39	694,05
1110000	1383,60	1349,39	694,05
1115000	1383,60	1349,39	694,05
1120000	1383,60	1349,39	694,05
1125000	1383,60	1349,39	694,05
1130000	1383,60	1349,39	694,05
1135000	1383,60	1349,39	694,05
1140000	1383,60	1349,39	694,05
1145000	1383,60	1349,39	694,05
1150000	1383,60	1349,39	694,05
1155000	1383,60	1349,39	694,05
1160000	1383,60	1349,39	694,05
1165000	1383,60	1349,39	694,05
1170000	1383,60	1349,39	694,05
1175000	1383,60	1349,39	694,05
1180000	1383,60	1349,39	694,05
1185000	1383,60	1349,39	694,05
1190000	1383,60	1349,39	694,05
1195000	1383,60	1349,39	694,05
1200000	1383,60	1349,39	694,05
1205000	1383,60	1349,39	694,05
1210000	1383,60	1349,39	694,05
1215000	1383,60	1349,39	694,05
1220000	1383,60	1349,39	694,05
1225000	1383,60	1349,39	694,05
1230000	1383,60	1349,39	694,05
1235000	1383,60	1349,39	694,05
1240000	1383,60	1349,39	694,05
1245000	1383,60	1349,39	694,05
1250000	1383,60	1349,39	694,05
1255000	1383,60	1349,39	694,05
1260000	1383,60	1349,39	694,05
1265000	1383,60	1349,39	694,05
1270000	1383,60	1349,39	694,05
1275000	1383,60	1349,39	694,05
1280000	1383,60	1349,39	694,05
1285000	1383,60	1349,39	694,05
1290000	1383,60	1349,39	694,05
1295000	1383,60	1349,39	694,05
1300000	1383,60	1349,39	694,05
1305000	1383,60	1349,39	694,05
1310000	1383,60	1349,39	694,05
1315000	1383,60	1349,39	694,05
1320000	1383,60	1349,39	694,05
1325000	1383,60	1349,39	694,05
1330000	1383,60	1349,39	694,05
1335000	1383,60	1349,39	694,05
1340000	1383,60	1349,39	694,05
1345000	1383,60	1349,39	694,05
1350000	1383,60	1349,39	694,05
1355000	1383,60	1349,39	694,05
1360000	1383,60	1349,39	694,05
1365000	1383,60	1349,39	694,05
1370000	1383,60	1349,39	694,05
1375000	1383,60	1349,39	694,05
1380000	1383,60	1349,39	694,05
1385000	1383,60	1349,39	694,05
1390000	1383,60	1349,39	694,05
1395000	1383,60	1349,39	694,05
1400000	1383,60	1349,39	694,05
1405000	1383,60	1349,39	694,05
1410000	1383,60	1349,39	694,05
1415000	1383,60	1349,39	694,05
1420000	1383,60	1349,39	694,05
1425000	1383,60	1349,39	694,05
1430000	1383,60	1349,39	694,05
1435000	1383,60	1349,39	694,05
1440000	1383,60	1349,39	694,05
1445000	1383,60	1349,39	694,05
1450000	1383,60	1349,39	694,05
1455000	1383,60	1349,39	694,05
1460000	1383,60	1349,39	694,05
1465000	1383,60	1349,39	694,05
1470000	1383,60	1349,39	694,05
1475000	1383,60	1349,39	694,05
1480000	1383,60	1349,39	694,05
1485000	1383,60	1349,39	694,05
1490000	1383,60	1349,39	694,05
1495000	1383,60	1349,39	694,05
1500000	1383,60	1349,39	694,05
1505000	1383,60	1349,39	694,05
1510000	1383,60	1349,39	694,05
1515000	1383,60	1349,39	694,05
1520000	1383,60	1349,39	694,05
1525000	1383,60	1349,39	694,05
1530000	1383,60	1349,39	694,05
1535000	1383,60	1349,39	694,05
1540000	1383,60	1349,39	694,05
1545000	1383,60	1349,39	694,05
1550000	1383,60	1349,39	694,05
1555000	1383,60	1349,39	694,05
1560000	1383,60	1349,39	694,05
1565000	1383,60	1349,39	694,05
1570000	1383,60	1349,39	694,05
1575000	1383,60	1349,39	694,05
1580000	1383,60	1349,39	694,05
1585000	1383,60	1349,39	694,05
1590000	1383,60	1349,39	694,05
1595000	1383,60	1349,39	694,05
1600000	1383,60	1349,39	694,05
1605000	1383,60	1349,39	694,05
1610000	1383,60	1349,39	694,05
1615000	1383,60	1349,39	694,05
1620000	1383,60	1349,39	694,05
1625000	1383,60	1349,39	694,05
1630000	1383,60	1349,39	694,05
1635000	1383,60	1349,39	694,05
1640000	1383,60	1349,39	694,05
1645000	1383,60	1349,39	694,05
1650000	1383,60	1349,39	694,05
1655000	1383,60	1349,39	694,05
1660000	1383,60	1349,39	694,05
1665000	1383,60	1349,39	694,05
1670000	1383,60	1349,39	694,05
1675000	1383,60	1349,39	694,05
1680000	1383,60	1349,39	694,05
1685000	1383,60	1349,39	694,05
1690000	1383,60	1349,39	694,05
1695000	1383,60	1349,39	694,05
1700000	1383,60	1349,39	694,05
1705000	1383,60	1349,39	694,05
1710000	1383,60	1349,39	694,05
1715000	1383,60	1349,39	694,05
1720000	1383,60	1349,39	694,05
1725000	1383,60	1349,39	694,05
1730000	1383,60	1349,39	694,05
1735000	1383,60	1349,39	694,05
1740000	1383,60	1349,39	694,05
1745000	1383,60	1349,39	694,05
1750000	1383,60	1349,39	694,05
1755000	1383,60	1349,39	694,05
1760000	1383,60	1349,39	694,05
1765000	1383,60	1349,39	694,05
1770000	1383,60	1349,39	694,05
1775000	1383,60	1349,39	694,05
1780000	1383,60	1349,39	694,05
1785000	1383,60	1349,39	694,05

=== MELHOR SOLUCAO (Fitness Ponderado Minimo) ===
Fitness Ponderado: 3437,497117
Distancia: 1384,15
Tempo: 1356,05
Combustivel: 694,05

Veiculo 0: 10 clientes, demanda: 154/200, rota: [33, 51, 65, 71, 9, 81, 3, 77, 50, 28]
Veiculo 1: 11 clientes, demanda: 156/200, rota: [48, 47, 36, 19, 82, 7, 52, 18, 83, 60, 89]
Veiculo 2: 11 clientes, demanda: 167/200, rota: [26, 73, 21, 40, 53, 94, 95, 97, 13, 2, 58]
Veiculo 3: 8 clientes, demanda: 97/200, rota: [62, 11, 64, 63, 32, 20, 70, 1]
Veiculo 4: 11 clientes, demanda: 198/200, rota: [45, 5, 99, 59, 96, 6, 61, 16, 85, 98, 93]
Veiculo 5: 10 clientes, demanda: 101/200, rota: [92, 42, 43, 15, 57, 87, 14, 91, 100, 37]
Veiculo 6: 9 clientes, demanda: 126/200, rota: [24, 76, 79, 78, 34, 29, 68, 80, 12]
Veiculo 7: 9 clientes, demanda: 160/200, rota: [72, 75, 39, 23, 67, 56, 55, 25, 54]
Veiculo 8: 6 clientes, demanda: 88/200, rota: [27, 44, 38, 86, 17, 46]
Veiculo 9: 6 clientes, demanda: 91/200, rota: [69, 88, 49, 10, 90, 31]
Veiculo 10: 3 clientes, demanda: 54/200, rota: [30, 66, 35]
Veiculo 11: 4 clientes, demanda: 50/200, rota: [41, 22, 74, 4]
Veiculo 12: 2 clientes, demanda: 16/200, rota: [84, 8]
