# VRP NSGA-III - Frente de Pareto
# Tempo: 480971 ms | Tamanho: 10
# Formato: Distancia Tempo Combustivel FitnessPonderado

1395,998767 1361,321305 701,250000 3461,820071
1418,504676 1350,232674 714,225000 3486,212351
1379,756655 1366,051599 692,625000 3441,683253
1396,272146 1353,944482 699,450000 3452,916629
1380,305880 1364,669697 691,575000 3439,800577
1396,821372 1352,562580 698,400000 3451,033952
1395,942138 1363,829763 699,675000 3462,696902
1430,559548 1349,293040 718,050000 3501,152589
1426,370279 1349,983814 714,375000 3493,979094
1401,010641 1351,871806 702,075000 3458,207447
