# VRP NSGA-III - Frente de Pareto
# Tempo: 490052 ms | Tamanho: 11
# Formato: Distancia Tempo Combustivel FitnessPonderado

1396,371418 1356,489608 701,400000 3457,511026
1399,414682 1354,902853 704,550000 3462,117534
1394,724061 1361,350760 698,100000 3457,424821
1401,482378 1356,227501 704,400000 3465,359879
1405,074867 1353,258843 706,500000 3468,083711
1402,031604 1354,845599 703,350000 3463,477202
1395,273287 1359,968858 697,050000 3455,542144
1395,822193 1357,871510 702,450000 3459,393703
1439,894263 1353,208652 726,075000 3522,427916
1398,865456 1356,284755 705,600000 3464,000211
1404,525642 1354,640745 707,550000 3469,966387
