# VRP NSGA-III - Frente de Pareto
# Tempo: 481874 ms | Tamanho: 26
# Formato: Distancia Tempo Combustivel FitnessPonderado

1372,498566 1300,455483 693,525000 3369,729049
1348,988694 1314,045527 675,150000 3341,434221
1348,275501 1318,688199 675,150000 3345,363700
1343,708432 1317,276421 675,675000 3339,909853
1344,421626 1312,633749 675,675000 3335,980374
1403,109111 1295,891016 708,375000 3410,625127
1351,660767 1310,389117 680,700000 3345,999884
1341,786525 1321,356990 678,675000 3345,068516
1353,827957 1307,878461 684,300000 3349,256418
1366,520469 1303,719616 688,050000 3361,540085
1350,272010 1309,305759 681,150000 3343,977769
1343,272943 1317,100930 678,675000 3342,298873
1354,966791 1310,781393 680,625000 3349,623185
1347,849859 1311,142595 678,825000 3341,067454
1346,121828 1311,167073 678,825000 3339,363902
1366,441926 1305,943007 684,900000 3360,534933
1402,047473 1297,876717 709,500000 3412,674190
1352,447551 1308,130867 684,300000 3348,128418
1350,280361 1310,916391 680,700000 3345,146752
1374,522494 1301,467447 691,575000 3370,814941
1372,420024 1302,678873 690,375000 3368,723897
1354,509320 1310,353751 681,000000 3349,113071
1350,514346 1310,886569 680,700000 3345,350916
1390,347906 1298,405926 700,350000 3392,353832
1373,560204 1298,469782 692,400000 3367,679985
1345,802031 1312,106475 675,675000 3336,833506
