# VRP NSGA-III - Frente de Pareto
# Tempo: 487350 ms | Tamanho: 9
# Formato: Distancia Tempo Combustivel FitnessPonderado

1360,204198 1315,330970 686,175000 3364,960167
1347,571748 1328,281769 681,150000 3360,253517
1350,438572 1323,223366 681,150000 3358,061937
1348,952154 1327,754495 681,150000 3361,106649
1349,058166 1323,750640 681,150000 3357,208806
1361,086807 1318,034936 683,025000 3365,396742
1381,379006 1313,994147 691,725000 3390,348153
1353,481835 1321,570500 684,300000 3362,602335
1397,797516 1311,376999 701,550000 3413,974515
