# VRP NSGA-III - Frente de Pareto
# Tempo: 516363 ms | Tamanho: 11
# Formato: Distancia Tempo Combustivel FitnessPonderado

1553,663236 1315,589066 787,125000 3659,627302
1506,001033 1344,229947 761,625000 3615,105980
1522,181247 1331,285051 771,525000 3628,241298
1506,662177 1344,229947 759,900000 3614,042124
1514,042412 1331,362798 763,800000 3612,455211
1512,421285 1341,931339 765,975000 3623,577624
1513,381268 1331,362798 765,525000 3613,519067
1529,943035 1320,450320 773,100000 3626,743355
1539,943035 1318,537575 778,650000 3640,380609
1539,373668 1319,656902 779,100000 3641,380570
1550,785670 1318,461808 785,400000 3657,897478
