# VRP NSGA-III - Frente de Pareto
# Tempo: 506709 ms | Tamanho: 12
# Formato: Distancia Tempo Combustivel FitnessPonderado

1512,635379 1337,329923 765,450000 3618,665302
1524,253725 1322,761965 769,800000 3620,065689
1517,186089 1322,839712 765,000000 3608,275801
1534,414299 1317,490881 773,250000 3628,405180
1513,403257 1323,046938 766,350000 3606,050195
1516,524945 1322,839712 766,725000 3609,339657
1516,920372 1327,144240 766,275000 3613,589613
1526,336972 1319,778159 771,075000 3620,440131
1527,497410 1318,151654 771,525000 3620,424064
1523,215284 1319,985385 770,700000 3617,150669
1545,692533 1315,784904 781,200000 3645,927437
1549,688011 1313,848197 784,425000 3651,211207
