Subpopulacao\Geracao	gFinal
NSGA3_DistanciaMin	1813,41
NSGA3_TempoMin	1848,60
NSGA3_CombustivelMin	917,32
NSGA3_DistanciaMedia	1838,68
NSGA3_TempoMedio	1857,76
NSGA3_CombustivelMedio	928,28
NSGA3_FitnessPonderadoMin	4604,60
NSGA3_FitnessPonderadoMedio	4629,72
NSGA3_TamanhoFrente	16
TempoExecucao(ms)	486488
Parametros	Pop=600; Geracoes=3000; Pc=1,00; Pm=0,01

=== DIAGNOSTICO ===
Solucoes criadas: 596
Total avaliacoes: 1788596
Solucoes unicas: 23790

=== HISTORICO DE EVOLUCAO ===
Eval	BestDist	BestTime	BestFuel
5000	1979,32	1904,01	1003,80
10000	1979,32	1903,41	1003,80
15000	1973,27	1903,06	998,25
20000	1973,27	1902,80	998,25
25000	1973,27	1902,80	998,25
30000	1973,27	1902,00	998,25
35000	1963,58	1898,67	993,75
40000	1963,58	1898,67	993,75
45000	1963,58	1898,41	993,75
50000	1958,82	1898,41	990,60
55000	1957,53	1898,41	989,55
60000	1957,53	1898,41	989,55
65000	1950,77	1898,06	985,20
70000	1948,84	1898,06	982,58
75000	1948,84	1897,82	982,58
80000	1948,84	1896,85	982,58
85000	1948,84	1896,85	982,58
90000	1946,14	1896,05	982,58
95000	1946,14	1896,05	982,58
100000	1945,43	1896,05	981,90
105000	1945,43	1892,92	981,90
110000	1938,23	1892,92	980,18
115000	1938,23	1892,92	980,18
120000	1938,23	1892,92	980,18
125000	1938,23	1892,40	980,18
130000	1938,23	1892,40	980,18
135000	1929,38	1892,40	973,88
140000	1929,38	1892,40	973,88
145000	1929,38	1892,40	973,88
150000	1929,38	1892,40	973,88
155000	1929,38	1892,40	973,88
160000	1929,38	1892,40	973,88
165000	1927,84	1892,40	973,88
170000	1927,84	1892,34	973,88
175000	1927,84	1892,34	973,88
180000	1925,92	1888,27	973,88
185000	1925,92	1888,27	971,93
190000	1925,92	1888,27	971,93
195000	1890,99	1883,16	957,53
200000	1890,99	1883,16	957,53
205000	1890,99	1883,16	957,53
210000	1890,99	1883,16	957,53
215000	1890,99	1883,16	957,53
220000	1890,99	1883,16	957,53
225000	1889,47	1879,77	957,53
230000	1888,32	1879,77	957,53
235000	1888,32	1879,77	957,53
240000	1884,28	1878,77	953,93
245000	1881,61	1878,77	953,93
250000	1875,43	1878,77	949,05
255000	1875,43	1877,99	949,05
260000	1875,43	1877,99	949,05
265000	1875,43	1876,12	949,05
270000	1875,43	1870,76	949,05
275000	1875,43	1870,76	949,05
280000	1875,43	1870,76	949,05
285000	1872,87	1870,76	946,05
290000	1868,78	1870,76	944,70
295000	1854,87	1870,76	939,07
300000	1854,87	1870,76	939,07
305000	1854,87	1870,76	939,07
310000	1854,87	1869,76	939,07
315000	1854,87	1869,76	939,07
320000	1854,87	1869,76	939,07
325000	1854,87	1869,76	934,72
330000	1854,87	1868,11	934,72
335000	1854,87	1868,11	934,72
340000	1854,87	1860,62	934,72
345000	1854,87	1860,62	934,72
350000	1854,87	1860,62	934,72
355000	1847,40	1860,62	934,72
360000	1847,40	1860,62	934,72
365000	1847,40	1859,62	934,72
370000	1847,40	1859,62	934,72
375000	1847,40	1859,62	934,05
380000	1847,40	1859,62	934,05
385000	1847,40	1859,62	934,05
390000	1847,40	1858,00	934,05
395000	1847,40	1853,70	934,05
400000	1847,40	1853,70	933,22
405000	1838,85	1853,70	925,57
410000	1838,85	1853,70	925,57
415000	1838,85	1853,70	925,57
420000	1838,85	1853,70	925,57
425000	1838,85	1853,70	925,57
430000	1838,85	1852,49	925,57
435000	1838,85	1852,49	925,57
440000	1838,85	1852,49	925,57
445000	1838,85	1852,49	925,57
450000	1837,63	1852,49	925,57
455000	1837,63	1852,49	925,57
460000	1837,63	1852,49	925,57
465000	1837,25	1852,49	925,57
470000	1837,25	1852,49	925,57
475000	1837,25	1852,49	925,57
480000	1837,25	1852,49	925,57
485000	1833,86	1852,49	925,57
490000	1833,86	1852,49	925,57
495000	1833,86	1852,49	925,57
500000	1833,86	1852,49	925,57
505000	1833,86	1852,49	925,57
510000	1833,86	1852,49	925,57
515000	1833,86	1852,49	925,57
520000	1833,86	1852,49	925,57
525000	1833,86	1852,49	925,57
530000	1833,86	1852,49	925,57
535000	1832,70	1852,49	925,57
540000	1832,70	1852,49	925,57
545000	1832,70	1852,49	925,57
550000	1832,70	1852,49	925,57
555000	1832,70	1852,49	925,57
560000	1832,70	1852,49	925,57
565000	1832,70	1852,49	925,57
570000	1832,70	1852,49	925,57
575000	1832,70	1852,49	925,57
580000	1832,70	1852,49	925,57
585000	1832,70	1852,49	925,57
590000	1832,70	1852,49	925,57
595000	1832,70	1852,49	925,57
600000	1832,70	1852,49	925,57
605000	1832,70	1851,89	925,57
610000	1832,70	1851,89	925,57
615000	1832,70	1851,89	925,57
620000	1832,70	1851,89	925,57
625000	1832,70	1851,89	925,57
630000	1832,70	1851,89	925,57
635000	1832,70	1851,89	925,57
640000	1832,70	1851,89	925,57
645000	1832,70	1851,89	925,57
650000	1832,70	1851,89	925,57
655000	1832,70	1851,89	925,57
660000	1832,32	1851,89	925,57
665000	1824,52	1851,89	925,57
670000	1824,52	1851,89	925,57
675000	1824,52	1851,89	925,57
680000	1818,63	1851,89	922,57
685000	1818,63	1851,89	922,57
690000	1818,63	1851,89	922,57
695000	1818,63	1851,89	922,57
700000	1818,63	1851,89	922,50
705000	1818,63	1851,89	922,50
710000	1818,63	1851,89	922,50
715000	1818,63	1851,89	922,50
720000	1818,63	1851,89	921,68
725000	1818,63	1851,89	921,68
730000	1817,13	1851,89	919,50
735000	1817,13	1851,55	919,50
740000	1817,13	1851,55	919,50
745000	1817,13	1851,55	918,68
750000	1817,13	1851,55	918,68
755000	1817,13	1850,41	918,68
760000	1817,13	1850,41	918,68
765000	1817,13	1850,41	918,68
770000	1817,13	1850,41	918,68
775000	1817,13	1850,41	918,68
780000	1817,13	1850,41	918,68
785000	1817,13	1850,41	918,68
790000	1817,09	1850,41	918,68
795000	1817,09	1850,41	918,68
800000	1816,39	1850,41	918,68
805000	1816,39	1850,41	918,68
810000	1816,39	1850,41	918,68
815000	1815,93	1850,41	918,68
820000	1815,93	1850,41	918,68
825000	1815,93	1850,02	918,68
830000	1815,93	1850,02	917,63
835000	1815,93	1850,02	917,63
840000	1815,93	1850,02	917,63
845000	1815,93	1850,02	917,63
850000	1815,93	1850,02	917,63
855000	1815,93	1850,02	917,63
860000	1815,93	1850,02	917,63
865000	1815,23	1850,02	917,63
870000	1815,23	1850,02	917,63
875000	1815,23	1850,02	917,63
880000	1815,23	1850,02	917,63
885000	1815,23	1850,02	917,32
890000	1815,23	1849,43	917,32
895000	1815,23	1849,43	917,32
900000	1815,23	1849,43	917,32
905000	1815,23	1849,43	917,32
910000	1813,41	1849,43	917,32
915000	1813,41	1849,43	917,32
920000	1813,41	1849,43	917,32
925000	1813,41	1849,43	917,32
930000	1813,41	1849,43	917,32
935000	1813,41	1849,43	917,32
940000	1813,41	1849,43	917,32
945000	1813,41	1849,43	917,32
950000	1813,41	1849,11	917,32
955000	1813,41	1849,11	917,32
960000	1813,41	1849,11	917,32
965000	1813,41	1849,11	917,32
970000	1813,41	1849,11	917,32
975000	1813,41	1849,11	917,32
980000	1813,41	1849,11	917,32
985000	1813,41	1849,11	917,32
990000	1813,41	1849,11	917,32
995000	1813,41	1849,11	917,32
1000000	1813,41	1849,11	917,32
1005000	1813,41	1849,11	917,32
1010000	1813,41	1849,11	917,32
1015000	1813,41	1849,11	917,32
1020000	1813,41	1849,11	917,32
1025000	1813,41	1849,11	917,32
1030000	1813,41	1849,11	917,32
1035000	1813,41	1849,11	917,32
1040000	1813,41	1849,11	917,32
1045000	1813,41	1849,11	917,32
1050000	1813,41	1849,11	917,32
1055000	1813,41	1849,11	917,32
1060000	1813,41	1848,92	917,32
1065000	1813,41	1848,92	917,32
1070000	1813,41	1848,92	917,32
1075000	1813,41	1848,64	917,32
1080000	1813,41	1848,64	917,32
1085000	1813,41	1848,64	917,32
1090000	1813,41	1848,64	917,32
1095000	1813,41	1848,64	917,32
1100000	1813,41	1848,64	917,32
1105000	1813,41	1848,64	917,32
1110000	1813,41	1848,64	917,32
1115000	1813,41	1848,64	917,32
1120000	1813,41	1848,64	917,32
1125000	1813,41	1848,64	917,32
1130000	1813,41	1848,64	917,32
1135000	1813,41	1848,64	917,32
1140000	1813,41	1848,64	917,32
1145000	1813,41	1848,64	917,32
1150000	1813,41	1848,64	917,32
1155000	1813,41	1848,64	917,32
1160000	1813,41	1848,64	917,32
1165000	1813,41	1848,64	917,32
1170000	1813,41	1848,64	917,32
1175000	1813,41	1848,64	917,32
1180000	1813,41	1848,64	917,32
1185000	1813,41	1848,64	917,32
1190000	1813,41	1848,64	917,32
1195000	1813,41	1848,64	917,32
1200000	1813,41	1848,64	917,32
1205000	1813,41	1848,64	917,32
1210000	1813,41	1848,64	917,32
1215000	1813,41	1848,64	917,32
1220000	1813,41	1848,64	917,32
1225000	1813,41	1848,64	917,32
1230000	1813,41	1848,64	917,32
1235000	1813,41	1848,64	917,32
1240000	1813,41	1848,64	917,32
1245000	1813,41	1848,64	917,32
1250000	1813,41	1848,64	917,32
1255000	1813,41	1848,60	917,32
1260000	1813,41	1848,60	917,32
1265000	1813,41	1848,60	917,32
1270000	1813,41	1848,60	917,32
1275000	1813,41	1848,60	917,32
1280000	1813,41	1848,60	917,32
1285000	1813,41	1848,60	917,32
1290000	1813,41	1848,60	917,32
1295000	1813,41	1848,60	917,32
1300000	1813,41	1848,60	917,32
1305000	1813,41	1848,60	917,32
1310000	1813,41	1848,60	917,32
1315000	1813,41	1848,60	917,32
1320000	1813,41	1848,60	917,32
1325000	1813,41	1848,60	917,32
1330000	1813,41	1848,60	917,32
1335000	1813,41	1848,60	917,32
1340000	1813,41	1848,60	917,32
1345000	1813,41	1848,60	917,32
1350000	1813,41	1848,60	917,32
1355000	1813,41	1848,60	917,32
1360000	1813,41	1848,60	917,32
1365000	1813,41	1848,60	917,32
1370000	1813,41	1848,60	917,32
1375000	1813,41	1848,60	917,32
1380000	1813,41	1848,60	917,32
1385000	1813,41	1848,60	917,32
1390000	1813,41	1848,60	917,32
1395000	1813,41	1848,60	917,32
1400000	1813,41	1848,60	917,32
1405000	1813,41	1848,60	917,32
1410000	1813,41	1848,60	917,32
1415000	1813,41	1848,60	917,32
1420000	1813,41	1848,60	917,32
1425000	1813,41	1848,60	917,32
1430000	1813,41	1848,60	917,32
1435000	1813,41	1848,60	917,32
1440000	1813,41	1848,60	917,32
1445000	1813,41	1848,60	917,32
1450000	1813,41	1848,60	917,32
1455000	1813,41	1848,60	917,32
1460000	1813,41	1848,60	917,32
1465000	1813,41	1848,60	917,32
1470000	1813,41	1848,60	917,32
1475000	1813,41	1848,60	917,32
1480000	1813,41	1848,60	917,32
1485000	1813,41	1848,60	917,32
1490000	1813,41	1848,60	917,32
1495000	1813,41	1848,60	917,32
1500000	1813,41	1848,60	917,32
1505000	1813,41	1848,60	917,32
1510000	1813,41	1848,60	917,32
1515000	1813,41	1848,60	917,32
1520000	1813,41	1848,60	917,32
1525000	1813,41	1848,60	917,32
1530000	1813,41	1848,60	917,32
1535000	1813,41	1848,60	917,32
1540000	1813,41	1848,60	917,32
1545000	1813,41	1848,60	917,32
1550000	1813,41	1848,60	917,32
1555000	1813,41	1848,60	917,32
1560000	1813,41	1848,60	917,32
1565000	1813,41	1848,60	917,32
1570000	1813,41	1848,60	917,32
1575000	1813,41	1848,60	917,32
1580000	1813,41	1848,60	917,32
1585000	1813,41	1848,60	917,32
1590000	1813,41	1848,60	917,32
1595000	1813,41	1848,60	917,32
1600000	1813,41	1848,29	917,32
1605000	1813,41	1848,29	917,32
1610000	1813,41	1848,29	917,32
1615000	1813,41	1848,29	917,32
1620000	1813,41	1848,29	917,32
1625000	1813,41	1848,29	917,32
1630000	1813,41	1848,29	917,32
1635000	1813,41	1848,29	917,32
1640000	1813,41	1848,29	917,32
1645000	1813,41	1848,29	917,32
1650000	1813,41	1848,29	917,32
1655000	1813,41	1848,29	917,32
1660000	1813,41	1848,29	917,32
1665000	1813,41	1848,29	917,32
1670000	1813,41	1848,29	917,32
1675000	1813,41	1848,29	917,32
1680000	1813,41	1848,29	917,32
1685000	1813,41	1848,29	917,32
1690000	1813,41	1848,29	917,32
1695000	1813,41	1848,29	917,32
1700000	1813,41	1848,29	917,32
1705000	1813,41	1848,29	917,32
1710000	1813,41	1848,29	917,32
1715000	1813,41	1848,29	917,32
1720000	1813,41	1848,29	917,32
1725000	1813,41	1848,29	917,32
1730000	1813,41	1848,29	917,32
1735000	1813,41	1848,29	917,32
1740000	1813,41	1848,29	917,32
1745000	1813,41	1848,29	917,32
1750000	1813,41	1848,29	917,32
1755000	1813,41	1848,29	917,32
1760000	1813,41	1848,29	917,32
1765000	1813,41	1848,29	917,32
1770000	1813,41	1848,29	917,32
1775000	1813,41	1848,29	917,32
1780000	1813,41	1848,29	917,32
1785000	1813,41	1848,29	917,32

=== MELHOR SOLUCAO (Fitness Ponderado Minimo) ===
Fitness Ponderado: 4604,595016
Distancia: 1818,68
Tempo: 1863,59
Combustivel: 917,32

Veiculo 0: 8 clientes, demanda: 135/200, rota: [1, 65, 71, 34, 3, 68, 77, 50]
Veiculo 1: 10 clientes, demanda: 184/200, rota: [36, 47, 19, 48, 82, 7, 31, 52, 89, 94]
Veiculo 2: 7 clientes, demanda: 88/200, rota: [63, 62, 11, 90, 10, 32, 70]
Veiculo 3: 11 clientes, demanda: 178/200, rota: [14, 44, 91, 85, 98, 37, 97, 95, 13, 2, 58]
Veiculo 4: 8 clientes, demanda: 109/200, rota: [83, 45, 61, 84, 5, 60, 93, 96]
Veiculo 5: 7 clientes, demanda: 108/200, rota: [92, 42, 16, 86, 17, 100, 59]
Veiculo 6: 9 clientes, demanda: 132/200, rota: [12, 28, 40, 53, 56, 74, 75, 72, 26]
Veiculo 7: 2 clientes, demanda: 39/200, rota: [64, 49]
Veiculo 8: 6 clientes, demanda: 79/200, rota: [27, 76, 79, 54, 24, 80]
Veiculo 9: 5 clientes, demanda: 83/200, rota: [39, 67, 55, 4, 25]
Veiculo 10: 3 clientes, demanda: 38/200, rota: [73, 22, 21]
Veiculo 11: 2 clientes, demanda: 23/200, rota: [38, 43]
Veiculo 12: 4 clientes, demanda: 62/200, rota: [33, 51, 9, 66]
Veiculo 13: 3 clientes, demanda: 41/200, rota: [15, 87, 57]
Veiculo 14: 3 clientes, demanda: 20/200, rota: [29, 78, 35]
Veiculo 15: 2 clientes, demanda: 13/200, rota: [18, 46]
Veiculo 16: 4 clientes, demanda: 62/200, rota: [69, 30, 81, 20]
Veiculo 17: 2 clientes, demanda: 12/200, rota: [99, 6]
Veiculo 18: 2 clientes, demanda: 34/200, rota: [23, 41]
Veiculo 19: 2 clientes, demanda: 18/200, rota: [88, 8]
