Subpopulacao\Geracao	gFinal
NSGA3_DistanciaMin	1841,46
NSGA3_TempoMin	1831,63
NSGA3_CombustivelMin	929,93
NSGA3_DistanciaMedia	1858,58
NSGA3_TempoMedio	1837,40
NSGA3_CombustivelMedio	936,97
NSGA3_FitnessPonderadoMin	4558,55
NSGA3_FitnessPonderadoMedio	4574,00
NSGA3_TamanhoFrente	8
TempoExecucao(ms)	500231
Parametros	Pop=600; Geracoes=3000; Pc=1,00; Pm=0,01

=== DIAGNOSTICO ===
Solucoes criadas: 596
Total avaliacoes: 1788596
Solucoes unicas: 24930

=== HISTORICO DE EVOLUCAO ===
Eval	BestDist	BestTime	BestFuel
5000	1988,39	1904,01	1006,27
10000	1973,27	1904,01	998,25
15000	1973,27	1904,01	998,25
20000	1973,27	1903,41	998,25
25000	1956,50	1899,06	995,18
30000	1956,50	1899,06	995,18
35000	1956,50	1899,06	995,18
40000	1956,50	1899,06	995,18
45000	1956,50	1899,06	992,18
50000	1935,18	1884,52	985,05
55000	1935,18	1884,52	985,05
60000	1935,18	1884,23	985,05
65000	1935,18	1884,23	985,05
70000	1935,18	1884,23	985,05
75000	1935,18	1884,23	983,33
80000	1928,48	1884,23	981,98
85000	1928,48	1880,30	981,98
90000	1928,48	1880,30	981,98
95000	1928,48	1878,16	981,22
100000	1919,18	1878,16	971,18
105000	1919,18	1878,16	971,18
110000	1919,18	1877,02	971,18
115000	1898,71	1875,02	964,50
120000	1898,71	1874,09	964,50
125000	1898,71	1874,09	964,50
130000	1898,71	1874,09	964,50
135000	1898,71	1874,09	964,50
140000	1898,71	1874,09	964,50
145000	1898,71	1873,75	964,50
150000	1895,69	1873,75	958,57
155000	1895,69	1873,75	958,57
160000	1895,69	1869,07	958,57
165000	1895,69	1869,07	958,57
170000	1893,22	1865,10	958,57
175000	1893,22	1865,10	958,57
180000	1893,22	1865,10	958,57
185000	1893,22	1865,10	958,57
190000	1891,24	1857,08	958,57
195000	1891,24	1857,04	958,57
200000	1891,24	1856,48	958,57
205000	1891,24	1856,48	955,57
210000	1891,24	1856,48	955,57
215000	1884,62	1855,51	955,57
220000	1884,62	1855,51	955,43
225000	1883,58	1855,07	955,43
230000	1883,58	1855,03	954,30
235000	1883,58	1855,03	947,32
240000	1883,58	1840,50	947,32
245000	1881,74	1840,50	947,32
250000	1881,74	1840,50	947,32
255000	1880,77	1840,50	947,32
260000	1880,77	1836,95	945,07
265000	1880,58	1836,95	945,07
270000	1880,58	1836,36	945,07
275000	1879,27	1836,36	942,97
280000	1879,24	1836,36	942,97
285000	1875,85	1836,36	942,97
290000	1875,85	1832,56	942,97
295000	1873,93	1832,56	942,97
300000	1873,93	1832,56	942,97
305000	1873,93	1832,21	942,97
310000	1873,93	1832,21	942,97
315000	1872,75	1832,21	942,97
320000	1872,75	1832,21	942,97
325000	1871,44	1832,21	942,97
330000	1871,44	1831,97	942,97
335000	1871,44	1831,97	942,97
340000	1864,74	1831,97	940,35
345000	1864,74	1831,71	940,35
350000	1864,74	1831,71	940,35
355000	1864,74	1831,71	940,35
360000	1864,74	1831,71	940,35
365000	1864,74	1831,71	940,35
370000	1864,74	1831,71	940,35
375000	1864,74	1831,71	940,35
380000	1864,74	1831,66	940,35
385000	1864,74	1831,66	940,35
390000	1863,62	1831,66	940,35
395000	1863,62	1831,66	940,35
400000	1863,62	1831,66	940,35
405000	1863,54	1831,66	940,35
410000	1863,54	1831,66	940,35
415000	1857,91	1831,66	940,35
420000	1857,91	1831,66	940,35
425000	1857,91	1831,66	940,35
430000	1857,91	1831,66	939,75
435000	1857,91	1831,66	939,75
440000	1857,91	1831,66	939,75
445000	1857,91	1831,44	939,75
450000	1857,91	1831,44	939,75
455000	1857,91	1831,44	939,75
460000	1857,91	1831,44	939,75
465000	1857,91	1831,44	939,75
470000	1855,25	1831,44	939,75
475000	1855,25	1831,44	937,72
480000	1855,25	1831,44	937,72
485000	1855,25	1831,44	937,72
490000	1855,25	1831,44	937,72
495000	1855,25	1831,44	937,72
500000	1855,25	1831,44	937,72
505000	1855,25	1831,44	937,72
510000	1855,25	1831,44	937,72
515000	1855,25	1831,44	937,72
520000	1853,33	1831,44	937,72
525000	1853,33	1831,44	937,72
530000	1853,33	1831,44	937,72
535000	1853,33	1831,44	937,72
540000	1853,33	1831,44	937,72
545000	1853,33	1831,44	937,72
550000	1853,33	1831,44	937,72
555000	1853,33	1831,44	937,72
560000	1853,33	1831,44	936,68
565000	1853,33	1831,44	936,68
570000	1853,33	1831,44	936,68
575000	1851,71	1831,44	936,00
580000	1851,71	1831,44	936,00
585000	1851,71	1831,44	936,00
590000	1851,71	1831,44	936,00
595000	1851,71	1831,44	936,00
600000	1851,71	1831,44	936,00
605000	1851,71	1831,44	936,00
610000	1851,71	1831,44	936,00
615000	1851,71	1831,44	936,00
620000	1851,71	1831,44	936,00
625000	1851,71	1831,44	936,00
630000	1851,71	1831,44	936,00
635000	1851,71	1831,44	936,00
640000	1851,71	1831,44	936,00
645000	1851,71	1831,44	936,00
650000	1851,71	1831,44	936,00
655000	1851,71	1831,44	936,00
660000	1851,71	1831,44	936,00
665000	1851,71	1831,44	936,00
670000	1851,71	1831,44	936,00
675000	1851,71	1831,44	936,00
680000	1851,71	1831,44	936,00
685000	1851,71	1831,44	936,00
690000	1851,71	1831,44	936,00
695000	1851,71	1831,44	936,00
700000	1851,71	1831,44	936,00
705000	1851,71	1831,44	936,00
710000	1851,71	1831,44	936,00
715000	1851,71	1831,44	936,00
720000	1851,71	1831,44	936,00
725000	1851,71	1831,44	936,00
730000	1851,71	1831,44	934,80
735000	1851,71	1831,44	934,80
740000	1851,71	1831,44	934,80
745000	1851,71	1831,44	934,80
750000	1851,71	1831,44	934,80
755000	1851,71	1831,44	934,80
760000	1851,71	1831,44	934,80
765000	1851,71	1831,44	934,80
770000	1851,71	1831,44	934,80
775000	1851,71	1831,44	934,80
780000	1851,71	1831,44	934,80
785000	1851,71	1831,44	934,80
790000	1851,71	1831,44	934,80
795000	1851,71	1831,44	934,80
800000	1851,71	1831,44	934,80
805000	1851,71	1831,44	934,80
810000	1851,71	1831,44	934,80
815000	1851,71	1831,44	934,80
820000	1851,71	1831,44	934,80
825000	1851,71	1831,44	934,80
830000	1851,71	1831,44	934,80
835000	1851,71	1831,44	934,80
840000	1851,71	1831,44	934,80
845000	1851,71	1831,44	934,80
850000	1851,71	1831,44	934,80
855000	1851,71	1831,44	934,80
860000	1851,71	1831,44	934,80
865000	1851,71	1831,44	934,80
870000	1851,71	1831,44	934,80
875000	1851,71	1831,44	934,80
880000	1851,71	1831,44	934,80
885000	1851,71	1831,44	934,80
890000	1851,71	1831,44	934,80
895000	1851,71	1831,44	934,80
900000	1851,71	1831,44	934,80
905000	1851,71	1831,44	934,80
910000	1851,71	1831,44	934,80
915000	1851,71	1831,44	934,80
920000	1851,71	1831,44	934,80
925000	1851,71	1831,44	934,80
930000	1851,71	1831,44	934,80
935000	1851,71	1831,44	934,80
940000	1851,71	1831,44	934,80
945000	1851,71	1831,44	934,80
950000	1851,71	1831,44	934,80
955000	1851,71	1831,44	934,80
960000	1851,71	1831,44	934,80
965000	1851,71	1831,44	934,80
970000	1851,71	1831,44	934,80
975000	1851,71	1831,44	934,80
980000	1851,71	1831,44	934,80
985000	1851,71	1831,44	934,80
990000	1851,71	1831,44	934,80
995000	1851,71	1831,44	934,80
1000000	1851,71	1831,44	934,80
1005000	1851,71	1831,44	934,80
1010000	1851,71	1831,44	934,80
1015000	1841,46	1831,44	929,93
1020000	1841,46	1831,44	929,93
1025000	1841,46	1831,44	929,93
1030000	1841,46	1831,44	929,93
1035000	1841,46	1831,44	929,93
1040000	1841,46	1831,44	929,93
1045000	1841,46	1831,44	929,93
1050000	1841,46	1831,44	929,93
1055000	1841,46	1831,44	929,93
1060000	1841,46	1831,44	929,93
1065000	1841,46	1831,44	929,93
1070000	1841,46	1831,44	929,93
1075000	1841,46	1831,44	929,93
1080000	1841,46	1831,44	929,93
1085000	1841,46	1831,44	929,93
1090000	1841,46	1831,44	929,93
1095000	1841,46	1831,44	929,93
1100000	1841,46	1831,44	929,93
1105000	1841,46	1831,44	929,93
1110000	1841,46	1831,44	929,93
1115000	1841,46	1831,44	929,93
1120000	1841,46	1831,44	929,93
1125000	1841,46	1831,44	929,93
1130000	1841,46	1831,44	929,93
1135000	1841,46	1831,44	929,93
1140000	1841,46	1831,44	929,93
1145000	1841,46	1831,44	929,93
1150000	1841,46	1831,44	929,93
1155000	1841,46	1831,44	929,93
1160000	1841,46	1831,44	929,93
1165000	1841,46	1831,44	929,93
1170000	1841,46	1831,44	929,93
1175000	1841,46	1831,44	929,93
1180000	1841,46	1831,44	929,93
1185000	1841,46	1831,44	929,93
1190000	1841,46	1831,44	929,93
1195000	1841,46	1831,44	929,93
1200000	1841,46	1831,44	929,93
1205000	1841,46	1831,44	929,93
1210000	1841,46	1831,44	929,93
1215000	1841,46	1831,44	929,93
1220000	1841,46	1831,44	929,93
1225000	1841,46	1831,44	929,93
1230000	1841,46	1831,44	929,93
1235000	1841,46	1831,44	929,93
1240000	1841,46	1831,44	929,93
1245000	1841,46	1831,44	929,93
1250000	1841,46	1831,44	929,93
1255000	1841,46	1831,44	929,93
1260000	1841,46	1831,44	929,93
1265000	1841,46	1831,44	929,93
1270000	1841,46	1831,44	929,93
1275000	1841,46	1831,44	929,93
1280000	1841,46	1831,44	929,93
1285000	1841,46	1831,44	929,93
1290000	1841,46	1831,44	929,93
1295000	1841,46	1831,44	929,93
1300000	1841,46	1831,44	929,93
1305000	1841,46	1831,44	929,93
1310000	1841,46	1831,44	929,93
1315000	1841,46	1831,44	929,93
1320000	1841,46	1831,44	929,93
1325000	1841,46	1831,44	929,93
1330000	1841,46	1831,44	929,93
1335000	1841,46	1831,44	929,93
1340000	1841,46	1831,44	929,93
1345000	1841,46	1831,44	929,93
1350000	1841,46	1831,44	929,93
1355000	1841,46	1831,44	929,93
1360000	1841,46	1831,44	929,93
1365000	1841,46	1831,44	929,93
1370000	1841,46	1831,44	929,93
1375000	1841,46	1831,44	929,93
1380000	1841,46	1831,44	929,93
1385000	1841,46	1831,44	929,93
1390000	1841,46	1831,44	929,93
1395000	1841,46	1831,44	929,93
1400000	1841,46	1831,44	929,93
1405000	1841,46	1831,44	929,93
1410000	1841,46	1831,44	929,93
1415000	1841,46	1831,44	929,93
1420000	1841,46	1831,44	929,93
1425000	1841,46	1831,44	929,93
1430000	1841,46	1831,44	929,93
1435000	1841,46	1831,44	929,93
1440000	1841,46	1831,44	929,93
1445000	1841,46	1831,44	929,93
1450000	1841,46	1831,44	929,93
1455000	1841,46	1831,44	929,93
1460000	1841,46	1831,44	929,93
1465000	1841,46	1831,44	929,93
1470000	1841,46	1831,44	929,93
1475000	1841,46	1831,44	929,93
1480000	1841,46	1831,44	929,93
1485000	1841,46	1831,44	929,93
1490000	1841,46	1831,44	929,93
1495000	1841,46	1831,44	929,93
1500000	1841,46	1831,44	929,93
1505000	1841,46	1831,44	929,93
1510000	1841,46	1831,44	929,93
1515000	1841,46	1831,44	929,93
1520000	1841,46	1831,44	929,93
1525000	1841,46	1831,44	929,93
1530000	1841,46	1831,44	929,93
1535000	1841,46	1831,44	929,93
1540000	1841,46	1831,44	929,93
1545000	1841,46	1831,44	929,93
1550000	1841,46	1831,44	929,93
1555000	1841,46	1831,44	929,93
1560000	1841,46	1831,44	929,93
1565000	1841,46	1831,44	929,93
1570000	1841,46	1831,44	929,93
1575000	1841,46	1831,44	929,93
1580000	1841,46	1831,44	929,93
1585000	1841,46	1831,44	929,93
1590000	1841,46	1831,44	929,93
1595000	1841,46	1831,44	929,93
1600000	1841,46	1831,44	929,93
1605000	1841,46	1831,44	929,93
1610000	1841,46	1831,44	929,93
1615000	1841,46	1831,44	929,93
1620000	1841,46	1831,44	929,93
1625000	1841,46	1831,44	929,93
1630000	1841,46	1831,44	929,93
1635000	1841,46	1831,44	929,93
1640000	1841,46	1831,44	929,93
1645000	1841,46	1831,44	929,93
1650000	1841,46	1831,44	929,93
1655000	1841,46	1831,44	929,93
1660000	1841,46	1831,44	929,93
1665000	1841,46	1831,44	929,93
1670000	1841,46	1831,44	929,93
1675000	1841,46	1831,44	929,93
1680000	1841,46	1831,44	929,93
1685000	1841,46	1831,44	929,93
1690000	1841,46	1831,44	929,93
1695000	1841,46	1831,44	929,93
1700000	1841,46	1831,44	929,93
1705000	1841,46	1831,44	929,93
1710000	1841,46	1831,44	929,93
1715000	1841,46	1831,44	929,93
1720000	1841,46	1831,44	929,93
1725000	1841,46	1831,44	929,93
1730000	1841,46	1831,44	929,93
1735000	1841,46	1831,44	929,93
1740000	1841,46	1831,44	929,93
1745000	1841,46	1831,44	929,93
1750000	1841,46	1831,44	929,93
1755000	1841,46	1831,44	929,93
1760000	1841,46	1831,44	929,93
1765000	1841,46	1831,44	929,93
1770000	1841,46	1831,44	929,93
1775000	1841,46	1831,44	929,93
1780000	1841,46	1831,44	929,93
1785000	1841,46	1831,44	929,93

=== MELHOR SOLUCAO (Fitness Ponderado Minimo) ===
Fitness Ponderado: 4558,545063
Distancia: 1841,46
Tempo: 1846,11
Combustivel: 929,93

Veiculo 0: 8 clientes, demanda: 135/200, rota: [1, 65, 71, 34, 3, 68, 77, 50]
Veiculo 1: 10 clientes, demanda: 184/200, rota: [36, 47, 19, 48, 82, 7, 31, 52, 89, 94]
Veiculo 2: 7 clientes, demanda: 88/200, rota: [63, 62, 11, 90, 10, 32, 70]
Veiculo 3: 11 clientes, demanda: 178/200, rota: [14, 44, 91, 85, 98, 37, 97, 95, 13, 2, 58]
Veiculo 4: 8 clientes, demanda: 109/200, rota: [83, 45, 61, 84, 5, 60, 93, 96]
Veiculo 5: 7 clientes, demanda: 108/200, rota: [92, 42, 16, 86, 17, 100, 59]
Veiculo 6: 9 clientes, demanda: 126/200, rota: [12, 28, 40, 53, 56, 74, 75, 72, 21]
Veiculo 7: 2 clientes, demanda: 39/200, rota: [64, 49]
Veiculo 8: 6 clientes, demanda: 79/200, rota: [27, 76, 79, 54, 24, 80]
Veiculo 9: 5 clientes, demanda: 83/200, rota: [39, 67, 55, 4, 25]
Veiculo 10: 4 clientes, demanda: 58/200, rota: [23, 41, 43, 26]
Veiculo 11: 1 clientes, demanda: 16/200, rota: [38]
Veiculo 12: 4 clientes, demanda: 62/200, rota: [33, 51, 9, 66]
Veiculo 13: 3 clientes, demanda: 41/200, rota: [15, 87, 57]
Veiculo 14: 3 clientes, demanda: 20/200, rota: [29, 78, 35]
Veiculo 15: 2 clientes, demanda: 12/200, rota: [99, 6]
Veiculo 16: 4 clientes, demanda: 62/200, rota: [69, 30, 81, 20]
Veiculo 17: 2 clientes, demanda: 13/200, rota: [18, 46]
Veiculo 18: 2 clientes, demanda: 27/200, rota: [73, 22]
Veiculo 19: 2 clientes, demanda: 18/200, rota: [88, 8]
