# VRP NSGA-III - Frente de Pareto
# Tempo: 471383 ms | Tamanho: 17
# Formato: Distancia Tempo Combustivel FitnessPonderado

1879,387331 1848,214103 948,225000 4616,875027
1832,703069 1899,967905 925,575000 4663,245974
1882,453173 1836,903503 952,350000 4612,755269
1843,859444 1866,880531 929,925000 4645,664975
1877,376244 1844,272344 951,300000 4613,997181
1868,337965 1848,636306 945,375000 4603,397863
1841,205068 1867,199362 929,925000 4643,329430
1843,062292 1866,880531 930,675000 4645,617824
1877,026166 1847,630209 949,275000 4614,979968
1841,648197 1867,783256 927,450000 4641,881453
1853,705991 1857,840967 938,025000 4590,620551
1867,987887 1851,994170 944,625000 4605,655650
1856,742618 1853,630739 937,575000 4652,948358
1872,113225 1848,317475 945,375000 4606,854293
1868,431016 1852,578064 942,150000 4604,207673
1879,680543 1847,311378 949,275000 4617,315514
1871,763148 1851,675339 944,625000 4609,112080
