# VRP NSGA-III - Frente de Pareto
# Tempo: 469713 ms | Tamanho: 24
# Formato: Distancia Tempo Combustivel FitnessPonderado

1875,891065 1825,102438 946,275000 4588,317096
1856,263837 1831,444493 936,750000 4565,506922
1884,577547 1823,891445 952,350000 4601,867586
1843,276419 1840,649154 932,400000 4557,374166
1893,927306 1823,070257 960,075000 4618,121157
1865,302116 1827,080532 942,675000 4576,106241
1841,862323 1841,551879 929,175000 4553,637795
1838,177132 1850,076538 931,875000 4561,177263
1864,685172 1827,983256 940,875000 4574,592021
1923,707664 1822,474523 974,175000 4661,405780
1866,099267 1827,080532 941,925000 4576,153392
1836,859362 1852,490607 926,250000 4556,648562
1855,646893 1832,347217 934,950000 4563,992703
1863,444891 1827,399362 941,925000 4573,817847
1836,416232 1851,906713 928,725000 4558,096539
1840,034357 1849,757707 932,625000 4563,465657
1854,406612 1831,763323 936,000000 4563,218528
1841,419194 1840,967985 931,650000 4555,085772
1857,060988 1831,444493 936,000000 4565,554074
1840,831508 1849,757707 931,875000 4563,512808
1838,273457 1851,587882 929,475000 4560,384933
1844,073570 1840,649154 931,650000 4557,421318
1839,070609 1851,587882 928,725000 4560,432084
1838,620261 1850,660431 929,400000 4559,729286
