# VRP NSGA-III - Frente de Pareto
# Tempo: 468746 ms | Tamanho: 21
# Formato: Distancia Tempo Combustivel FitnessPonderado

1851,354585 1825,940308 936,900000 4555,243485
1874,362099 1825,344574 946,125000 4586,880265
1848,700208 1826,259138 936,900000 4552,907940
1827,024440 1893,494721 923,925000 4649,444161
1844,867727 1837,783106 935,700000 4559,399426
1871,707722 1825,663404 946,125000 4584,544720
1826,547598 1852,463660 924,375000 4544,434852
1847,020864 1826,309216 933,975000 4548,353673
1850,557433 1825,940308 937,650000 4555,196334
1841,703310 1838,338090 932,025000 4553,114994
1870,825530 1825,713482 942,450000 4580,037605
1829,767444 1894,635561 921,450000 4650,853006
1833,162658 1838,989891 927,300000 4540,501142
1873,564947 1825,344574 946,875000 4586,833114
1847,818016 1826,309216 933,225000 4548,400825
1844,357686 1838,019260 932,025000 4555,450539
1829,330176 1850,513860 926,100000 4546,992629
1832,550022 1892,685761 923,175000 4653,410783
1845,606769 1827,211940 930,750000 4544,617302
1836,937918 1838,671061 927,300000 4543,957572
1833,105437 1850,195029 926,100000 4550,449059
