# VRP NSGA-III - Frente de Pareto
# Tempo: 495418 ms | Tamanho: 25
# Formato: Distancia Tempo Combustivel FitnessPonderado

1839,805990 1866,456642 930,750000 4642,012632
1827,532105 1902,403427 920,475000 4655,410533
1845,522213 1865,902186 932,100000 4648,524399
1879,672183 1852,105131 949,425000 4686,202314
1857,095536 1857,600249 933,225000 4652,920785
1902,679697 1851,509397 958,650000 4717,839094
1877,017807 1852,423962 949,425000 4683,866768
1837,884682 1867,525382 928,950000 4639,360064
1900,025320 1851,828228 958,650000 4715,503548
1830,550001 1898,482162 924,675000 4658,707162
1849,458004 1859,223445 930,075000 4643,756450
1866,133815 1853,236288 939,150000 4663,520103
1844,108118 1866,804911 928,875000 4644,788029
1829,135905 1899,384886 921,450000 4654,970792
1834,360633 1897,310825 927,150000 4663,821458
1851,379313 1858,154705 931,875000 4646,409018
1828,628692 1899,550902 922,875000 4656,054594
1838,391895 1867,359366 927,525000 4638,276262
1860,417592 1853,790744 937,800000 4657,008336
1836,266224 1897,927706 926,025000 4665,218929
1832,439324 1898,379566 925,350000 4661,168889
1836,470586 1868,428107 925,725000 4635,623693
1852,793409 1857,251980 935,100000 4650,145389
1858,496283 1854,859484 936,000000 4654,355768
1861,831688 1852,888019 941,025000 4660,744707
