# VRP NSGA-III - Frente de Pareto
# Tempo: 482686 ms | Tamanho: 17
# Formato: Distancia Tempo Combustivel FitnessPonderado

1826,547598 1852,463660 924,375000 4544,434852
1849,098209 1825,528204 937,875000 4553,550007
1890,465312 1824,892294 952,575000 4608,981199
1872,105723 1824,932470 947,100000 4585,186787
1845,606769 1827,211940 930,750000 4544,617302
1847,020864 1826,309216 933,975000 4548,353673
1847,818016 1826,309216 933,225000 4548,400825
1865,479790 1825,488027 944,550000 4576,566410
1830,069218 1840,780563 923,100000 4534,998374
1867,457799 1825,488027 943,350000 4577,344419
1866,870082 1825,488027 943,800000 4577,206702
1889,877595 1824,892294 953,025000 4608,843482
1832,280465 1839,877838 925,575000 4538,781897
1841,703310 1838,338090 932,025000 4553,114994
1889,080444 1824,892294 953,775000 4608,796330
1829,330176 1850,513860 926,100000 4546,992629
1845,478571 1838,019260 932,025000 4556,571423
