# VRP NSGA-III - Frente de Pareto
# Tempo: 492383 ms | Tamanho: 23
# Formato: Distancia Tempo Combustivel FitnessPonderado

1814,085106 1904,100372 913,725000 4636,910478
1869,911494 1826,357887 942,600000 4579,917974
1866,451609 1825,183612 947,100000 4579,783815
1889,459123 1824,587878 957,000000 4612,095595
1847,286908 1840,866553 936,375000 4565,577054
1825,151234 1872,979922 918,075000 4621,206156
1856,296326 1830,421727 937,725000 4565,491646
1868,757130 1826,357887 943,650000 4579,813610
1858,467787 1829,810051 939,675000 4569,001431
1848,158748 1872,384188 927,300000 4652,842936
1846,842927 1840,866553 937,425000 4566,183074
1871,325590 1825,455162 944,325000 4582,154345
1857,450691 1830,421727 936,675000 4565,596010
1863,867328 1827,195757 944,925000 4577,036678
1824,212873 1872,979922 920,250000 4622,442795
1855,101290 1831,095674 936,525000 4563,770556
1862,712964 1827,195757 945,975000 4576,932313
1856,783417 1830,665272 936,300000 4564,797282
1869,244221 1826,601432 942,225000 4579,119246
1845,386230 1845,255161 935,700000 4567,389984
1823,737139 1873,882646 917,025000 4619,644785
1841,901693 1846,696800 927,450000 4557,097086
1851,406525 1831,259596 939,000000 4562,714714
