# VRP NSGA-III - Frente de Pareto
# Tempo: 486488 ms | Tamanho: 16
# Formato: Distancia Tempo Combustivel FitnessPonderado

1876,277349 1848,604252 944,775000 4674,656601
1836,872146 1849,702343 926,175000 4617,749490
1815,219890 1875,299841 917,325000 4612,844730
1846,046068 1848,921332 934,425000 4634,392399
1832,404374 1859,800999 926,550000 4623,755374
1830,757440 1861,731218 924,975000 4622,463658
1813,406494 1885,079666 918,900000 4622,386160
1834,217770 1850,021174 924,975000 4614,213944
1842,270807 1849,240162 933,225000 4629,735970
1870,136984 1848,644428 940,425000 4664,206413
1818,680219 1863,589797 917,325000 4604,595016
1865,278321 1848,644428 942,450000 4661,372750
1847,129470 1849,240162 931,200000 4632,569633
1822,455480 1863,270966 918,525000 4609,251446
1816,866824 1873,369622 918,900000 4614,136446
1850,904731 1848,921332 932,400000 4637,226063
