# AEMMT - Frente de Pareto (tabela de nao-dominancia)
# Instancia: rc105
# Tamanho: 9 solucoes nao-dominadas
# Formato: distancia<TAB>tempo<TAB>combustivel<TAB>num_veiculos

1880,754117	1649,340208	954,075000	17
1839,206748	1653,804634	933,000000	17
1876,782602	1650,118382	948,750000	17
1907,326609	1647,628365	965,475000	17
1903,717602	1648,406540	961,800000	17
1869,471546	1650,426729	947,325000	17
1865,500031	1651,204903	942,000000	17
1896,044038	1648,714886	958,725000	17
1925,430582	1647,628365	974,700000	17
