# AEMMT - Frente de Pareto (tabela de nao-dominancia)
# Instancia: rc105
# Tamanho: 9 solucoes nao-dominadas
# Formato: distancia<TAB>tempo<TAB>combustivel<TAB>num_veiculos

1879,949962	1674,361497	949,650000	18
1883,921477	1673,583323	954,975000	18
1929,376449	1666,926971	977,025000	18
1887,549871	1670,503509	953,550000	18
1891,521386	1669,725334	958,875000	18
1925,767442	1667,705146	973,350000	18
1902,803957	1668,638814	965,625000	18
1898,832442	1669,416988	960,300000	18
1918,093877	1668,013492	970,275000	18
