# AEMMT - Frente de Pareto (tabela de nao-dominancia)
# Instancia: rc105
# Tamanho: 9 solucoes nao-dominadas
# Formato: distancia<TAB>tempo<TAB>combustivel<TAB>num_veiculos

1828,624435	1641,744404	930,750000	17
1834,758698	1638,068688	933,825000	17
1845,407063	1617,797618	939,300000	17
1836,224344	1637,886416	934,650000	17
1835,608378	1622,474998	935,100000	17
1841,742640	1618,799282	938,175000	17
1843,208286	1618,617010	939,000000	17
1849,342549	1614,941294	942,075000	17
1853,006972	1613,939630	943,200000	17
