Subpopulacao\Geracao	gFinal
NSGA3_DistanciaMin	1201,25
NSGA3_TempoMin	5498,38
NSGA3_CombustivelMin	605,33
NSGA3_DistanciaMedia	1238,14
NSGA3_TempoMedio	5498,88
NSGA3_CombustivelMedio	623,85
NSGA3_FitnessPonderadoMin	7295,00
NSGA3_FitnessPonderadoMedio	7349,76
NSGA3_TamanhoFrente	4
TempoExecucao(ms)	497356
Parametros	Pop=600; Geracoes=3000; Pc=1,00; Pm=0,01

=== DIAGNOSTICO ===
Solucoes criadas: 596
Total avaliacoes: 1788596
Solucoes unicas: 31652

=== HISTORICO DE EVOLUCAO ===
Eval	BestDist	BestTime	BestFuel
5000	1358,43	5522,74	686,70
10000	1358,43	5510,88	686,70
15000	1350,82	5504,83	683,62
20000	1350,82	5504,83	683,62
25000	1348,22	5504,83	682,57
30000	1341,04	5504,83	677,93
35000	1316,17	5503,29	666,22
40000	1311,80	5503,29	666,22
45000	1294,89	5502,29	651,30
50000	1294,89	5502,29	651,30
55000	1294,89	5502,29	651,30
60000	1294,89	5502,29	651,30
65000	1274,72	5502,29	643,35
70000	1274,72	5502,29	643,35
75000	1274,72	5502,29	643,35
80000	1272,37	5502,29	642,30
85000	1272,37	5502,29	642,30
90000	1272,36	5502,29	642,30
95000	1272,36	5502,29	642,00
100000	1272,36	5502,29	641,10
105000	1268,32	5502,29	641,10
110000	1268,32	5502,29	640,65
115000	1268,32	5502,29	639,75
120000	1254,74	5500,48	638,18
125000	1254,74	5500,48	638,18
130000	1254,74	5499,38	637,72
135000	1254,74	5499,38	637,72
140000	1254,74	5499,38	634,80
145000	1254,74	5499,38	634,80
150000	1254,74	5499,38	634,80
155000	1220,44	5499,38	620,93
160000	1220,44	5499,38	620,93
165000	1220,44	5499,38	620,93
170000	1220,44	5499,38	620,93
175000	1220,44	5499,38	617,55
180000	1220,44	5499,38	617,55
185000	1220,44	5499,38	617,55
190000	1220,44	5499,38	617,55
195000	1220,44	5499,38	617,55
200000	1220,44	5498,38	617,55
205000	1220,44	5498,38	617,55
210000	1220,44	5498,38	617,55
215000	1220,44	5498,38	617,55
220000	1220,44	5498,38	617,55
225000	1220,44	5498,38	617,55
230000	1220,44	5498,38	617,55
235000	1220,44	5498,38	617,55
240000	1220,44	5498,38	617,55
245000	1220,44	5498,38	617,55
250000	1220,44	5498,38	617,55
255000	1220,44	5498,38	617,55
260000	1220,44	5498,38	617,55
265000	1220,44	5498,38	617,55
270000	1220,44	5498,38	617,55
275000	1220,44	5498,38	617,55
280000	1220,44	5498,38	617,55
285000	1220,44	5498,38	617,55
290000	1220,44	5498,38	617,55
295000	1220,44	5498,38	617,55
300000	1220,44	5498,38	617,55
305000	1220,44	5498,38	617,55
310000	1220,44	5498,38	617,55
315000	1220,44	5498,38	617,55
320000	1220,44	5498,38	617,55
325000	1220,44	5498,38	617,55
330000	1220,44	5498,38	617,55
335000	1220,44	5498,38	617,55
340000	1220,44	5498,38	617,55
345000	1220,44	5498,38	617,55
350000	1220,44	5498,38	617,55
355000	1220,44	5498,38	617,55
360000	1220,44	5498,38	617,55
365000	1220,44	5498,38	617,55
370000	1220,44	5498,38	617,55
375000	1212,15	5498,38	613,95
380000	1212,15	5498,38	613,95
385000	1210,75	5498,38	613,95
390000	1210,75	5498,38	613,95
395000	1210,75	5498,38	613,95
400000	1210,75	5498,38	613,95
405000	1210,75	5498,38	613,95
410000	1210,75	5498,38	613,43
415000	1210,75	5498,38	613,43
420000	1201,25	5498,38	605,47
425000	1201,25	5498,38	605,47
430000	1201,25	5498,38	605,47
435000	1201,25	5498,38	605,47
440000	1201,25	5498,38	605,47
445000	1201,25	5498,38	605,47
450000	1201,25	5498,38	605,47
455000	1201,25	5498,38	605,33
460000	1201,25	5498,38	605,33
465000	1201,25	5498,38	605,33
470000	1201,25	5498,38	605,33
475000	1201,25	5498,38	605,33
480000	1201,25	5498,38	605,33
485000	1201,25	5498,38	605,33
490000	1201,25	5498,38	605,33
495000	1201,25	5498,38	605,33
500000	1201,25	5498,38	605,33
505000	1201,25	5498,38	605,33
510000	1201,25	5498,38	605,33
515000	1201,25	5498,38	605,33
520000	1201,25	5498,38	605,33
525000	1201,25	5498,38	605,33
530000	1201,25	5498,38	605,33
535000	1201,25	5498,38	605,33
540000	1201,25	5498,38	605,33
545000	1201,25	5498,38	605,33
550000	1201,25	5498,38	605,33
555000	1201,25	5498,38	605,33
560000	1201,25	5498,38	605,33
565000	1201,25	5498,38	605,33
570000	1201,25	5498,38	605,33
575000	1201,25	5498,38	605,33
580000	1201,25	5498,38	605,33
585000	1201,25	5498,38	605,33
590000	1201,25	5498,38	605,33
595000	1201,25	5498,38	605,33
600000	1201,25	5498,38	605,33
605000	1201,25	5498,38	605,33
610000	1201,25	5498,38	605,33
615000	1201,25	5498,38	605,33
620000	1201,25	5498,38	605,33
625000	1201,25	5498,38	605,33
630000	1201,25	5498,38	605,33
635000	1201,25	5498,38	605,33
640000	1201,25	5498,38	605,33
645000	1201,25	5498,38	605,33
650000	1201,25	5498,38	605,33
655000	1201,25	5498,38	605,33
660000	1201,25	5498,38	605,33
665000	1201,25	5498,38	605,33
670000	1201,25	5498,38	605,33
675000	1201,25	5498,38	605,33
680000	1201,25	5498,38	605,33
685000	1201,25	5498,38	605,33
690000	1201,25	5498,38	605,33
695000	1201,25	5498,38	605,33
700000	1201,25	5498,38	605,33
705000	1201,25	5498,38	605,33
710000	1201,25	5498,38	605,33
715000	1201,25	5498,38	605,33
720000	1201,25	5498,38	605,33
725000	1201,25	5498,38	605,33
730000	1201,25	5498,38	605,33
735000	1201,25	5498,38	605,33
740000	1201,25	5498,38	605,33
745000	1201,25	5498,38	605,33
750000	1201,25	5498,38	605,33
755000	1201,25	5498,38	605,33
760000	1201,25	5498,38	605,33
765000	1201,25	5498,38	605,33
770000	1201,25	5498,38	605,33
775000	1201,25	5498,38	605,33
780000	1201,25	5498,38	605,33
785000	1201,25	5498,38	605,33
790000	1201,25	5498,38	605,33
795000	1201,25	5498,38	605,33
800000	1201,25	5498,38	605,33
805000	1201,25	5498,38	605,33
810000	1201,25	5498,38	605,33
815000	1201,25	5498,38	605,33
820000	1201,25	5498,38	605,33
825000	1201,25	5498,38	605,33
830000	1201,25	5498,38	605,33
835000	1201,25	5498,38	605,33
840000	1201,25	5498,38	605,33
845000	1201,25	5498,38	605,33
850000	1201,25	5498,38	605,33
855000	1201,25	5498,38	605,33
860000	1201,25	5498,38	605,33
865000	1201,25	5498,38	605,33
870000	1201,25	5498,38	605,33
875000	1201,25	5498,38	605,33
880000	1201,25	5498,38	605,33
885000	1201,25	5498,38	605,33
890000	1201,25	5498,38	605,33
895000	1201,25	5498,38	605,33
900000	1201,25	5498,38	605,33
905000	1201,25	5498,38	605,33
910000	1201,25	5498,38	605,33
915000	1201,25	5498,38	605,33
920000	1201,25	5498,38	605,33
925000	1201,25	5498,38	605,33
930000	1201,25	5498,38	605,33
935000	1201,25	5498,38	605,33
940000	1201,25	5498,38	605,33
945000	1201,25	5498,38	605,33
950000	1201,25	5498,38	605,33
955000	1201,25	5498,38	605,33
960000	1201,25	5498,38	605,33
965000	1201,25	5498,38	605,33
970000	1201,25	5498,38	605,33
975000	1201,25	5498,38	605,33
980000	1201,25	5498,38	605,33
985000	1201,25	5498,38	605,33
990000	1201,25	5498,38	605,33
995000	1201,25	5498,38	605,33
1000000	1201,25	5498,38	605,33
1005000	1201,25	5498,38	605,33
1010000	1201,25	5498,38	605,33
1015000	1201,25	5498,38	605,33
1020000	1201,25	5498,38	605,33
1025000	1201,25	5498,38	605,33
1030000	1201,25	5498,38	605,33
1035000	1201,25	5498,38	605,33
1040000	1201,25	5498,38	605,33
1045000	1201,25	5498,38	605,33
1050000	1201,25	5498,38	605,33
1055000	1201,25	5498,38	605,33
1060000	1201,25	5498,38	605,33
1065000	1201,25	5498,38	605,33
1070000	1201,25	5498,38	605,33
1075000	1201,25	5498,38	605,33
1080000	1201,25	5498,38	605,33
1085000	1201,25	5498,38	605,33
1090000	1201,25	5498,38	605,33
1095000	1201,25	5498,38	605,33
1100000	1201,25	5498,38	605,33
1105000	1201,25	5498,38	605,33
1110000	1201,25	5498,38	605,33
1115000	1201,25	5498,38	605,33
1120000	1201,25	5498,38	605,33
1125000	1201,25	5498,38	605,33
1130000	1201,25	5498,38	605,33
1135000	1201,25	5498,38	605,33
1140000	1201,25	5498,38	605,33
1145000	1201,25	5498,38	605,33
1150000	1201,25	5498,38	605,33
1155000	1201,25	5498,38	605,33
1160000	1201,25	5498,38	605,33
1165000	1201,25	5498,38	605,33
1170000	1201,25	5498,38	605,33
1175000	1201,25	5498,38	605,33
1180000	1201,25	5498,38	605,33
1185000	1201,25	5498,38	605,33
1190000	1201,25	5498,38	605,33
1195000	1201,25	5498,38	605,33
1200000	1201,25	5498,38	605,33
1205000	1201,25	5498,38	605,33
1210000	1201,25	5498,38	605,33
1215000	1201,25	5498,38	605,33
1220000	1201,25	5498,38	605,33
1225000	1201,25	5498,38	605,33
1230000	1201,25	5498,38	605,33
1235000	1201,25	5498,38	605,33
1240000	1201,25	5498,38	605,33
1245000	1201,25	5498,38	605,33
1250000	1201,25	5498,38	605,33
1255000	1201,25	5498,38	605,33
1260000	1201,25	5498,38	605,33
1265000	1201,25	5498,38	605,33
1270000	1201,25	5498,38	605,33
1275000	1201,25	5498,38	605,33
1280000	1201,25	5498,38	605,33
1285000	1201,25	5498,38	605,33
1290000	1201,25	5498,38	605,33
1295000	1201,25	5498,38	605,33
1300000	1201,25	5498,38	605,33
1305000	1201,25	5498,38	605,33
1310000	1201,25	5498,38	605,33
1315000	1201,25	5498,38	605,33
1320000	1201,25	5498,38	605,33
1325000	1201,25	5498,38	605,33
1330000	1201,25	5498,38	605,33
1335000	1201,25	5498,38	605,33
1340000	1201,25	5498,38	605,33
1345000	1201,25	5498,38	605,33
1350000	1201,25	5498,38	605,33
1355000	1201,25	5498,38	605,33
1360000	1201,25	5498,38	605,33
1365000	1201,25	5498,38	605,33
1370000	1201,25	5498,38	605,33
1375000	1201,25	5498,38	605,33
1380000	1201,25	5498,38	605,33
1385000	1201,25	5498,38	605,33
1390000	1201,25	5498,38	605,33
1395000	1201,25	5498,38	605,33
1400000	1201,25	5498,38	605,33
1405000	1201,25	5498,38	605,33
1410000	1201,25	5498,38	605,33
1415000	1201,25	5498,38	605,33
1420000	1201,25	5498,38	605,33
1425000	1201,25	5498,38	605,33
1430000	1201,25	5498,38	605,33
1435000	1201,25	5498,38	605,33
1440000	1201,25	5498,38	605,33
1445000	1201,25	5498,38	605,33
1450000	1201,25	5498,38	605,33
1455000	1201,25	5498,38	605,33
1460000	1201,25	5498,38	605,33
1465000	1201,25	5498,38	605,33
1470000	1201,25	5498,38	605,33
1475000	1201,25	5498,38	605,33
1480000	1201,25	5498,38	605,33
1485000	1201,25	5498,38	605,33
1490000	1201,25	5498,38	605,33
1495000	1201,25	5498,38	605,33
1500000	1201,25	5498,38	605,33
1505000	1201,25	5498,38	605,33
1510000	1201,25	5498,38	605,33
1515000	1201,25	5498,38	605,33
1520000	1201,25	5498,38	605,33
1525000	1201,25	5498,38	605,33
1530000	1201,25	5498,38	605,33
1535000	1201,25	5498,38	605,33
1540000	1201,25	5498,38	605,33
1545000	1201,25	5498,38	605,33
1550000	1201,25	5498,38	605,33
1555000	1201,25	5498,38	605,33
1560000	1201,25	5498,38	605,33
1565000	1201,25	5498,38	605,33
1570000	1201,25	5498,38	605,33
1575000	1201,25	5498,38	605,33
1580000	1201,25	5498,38	605,33
1585000	1201,25	5498,38	605,33
1590000	1201,25	5498,38	605,33
1595000	1201,25	5498,38	605,33
1600000	1201,25	5498,38	605,33
1605000	1201,25	5498,38	605,33
1610000	1201,25	5498,38	605,33
1615000	1201,25	5498,38	605,33
1620000	1201,25	5498,38	605,33
1625000	1201,25	5498,38	605,33
1630000	1201,25	5498,38	605,33
1635000	1201,25	5498,38	605,33
1640000	1201,25	5498,38	605,33
1645000	1201,25	5498,38	605,33
1650000	1201,25	5498,38	605,33
1655000	1201,25	5498,38	605,33
1660000	1201,25	5498,38	605,33
1665000	1201,25	5498,38	605,33
1670000	1201,25	5498,38	605,33
1675000	1201,25	5498,38	605,33
1680000	1201,25	5498,38	605,33
1685000	1201,25	5498,38	605,33
1690000	1201,25	5498,38	605,33
1695000	1201,25	5498,38	605,33
1700000	1201,25	5498,38	605,33
1705000	1201,25	5498,38	605,33
1710000	1201,25	5498,38	605,33
1715000	1201,25	5498,38	605,33
1720000	1201,25	5498,38	605,33
1725000	1201,25	5498,38	605,33
1730000	1201,25	5498,38	605,33
1735000	1201,25	5498,38	605,33
1740000	1201,25	5498,38	605,33
1745000	1201,25	5498,38	605,33
1750000	1201,25	5498,38	605,33
1755000	1201,25	5498,38	605,33
1760000	1201,25	5498,38	605,33
1765000	1201,25	5498,38	605,33
1770000	1201,25	5498,38	605,33
1775000	1201,25	5498,38	605,33
1780000	1201,25	5498,38	605,33
1785000	1201,25	5498,38	605,33

=== MELHOR SOLUCAO (Fitness Ponderado Minimo) ===
Fitness Ponderado: 7294,998988
Distancia: 1201,25
Tempo: 5499,38
Combustivel: 605,47

Veiculo 0: 12 clientes, demanda: 140/200, rota: [67, 41, 40, 44, 46, 45, 48, 51, 50, 52, 49, 47]
Veiculo 1: 9 clientes, demanda: 180/200, rota: [65, 63, 62, 74, 72, 61, 64, 66, 69]
Veiculo 2: 11 clientes, demanda: 200/200, rota: [98, 96, 95, 94, 11, 97, 100, 99, 2, 1, 75]
Veiculo 3: 9 clientes, demanda: 130/200, rota: [5, 7, 8, 10, 9, 6, 4, 91, 21]
Veiculo 4: 9 clientes, demanda: 140/200, rota: [24, 25, 27, 29, 30, 28, 26, 23, 22]
Veiculo 5: 9 clientes, demanda: 150/200, rota: [81, 78, 76, 71, 70, 73, 77, 79, 80]
Veiculo 6: 9 clientes, demanda: 160/200, rota: [90, 87, 86, 83, 82, 84, 85, 88, 89]
Veiculo 7: 8 clientes, demanda: 190/200, rota: [13, 17, 18, 19, 15, 16, 14, 12]
Veiculo 8: 8 clientes, demanda: 150/200, rota: [43, 42, 31, 56, 58, 60, 59, 68]
Veiculo 9: 8 clientes, demanda: 190/200, rota: [57, 55, 54, 53, 38, 39, 36, 34]
Veiculo 10: 4 clientes, demanda: 100/200, rota: [32, 33, 35, 37]
Veiculo 11: 3 clientes, demanda: 70/200, rota: [3, 92, 93]
Veiculo 12: 1 clientes, demanda: 10/200, rota: [20]
