# VRP NSGA-III - Frente de Pareto
# Tempo: 508597 ms | Tamanho: 13
# Formato: Distancia Tempo Combustivel FitnessPonderado

1460,234861 1292,173352 740,250000 3495,658214
1500,321569 1287,034201 758,925000 3549,280769
1457,254747 1294,744765 742,725000 3497,724512
1498,861461 1282,569952 760,200000 3544,631413
1497,684851 1282,721500 762,150000 3545,556351
1495,881346 1285,141365 760,275000 3544,297711
1465,960125 1287,709103 742,950000 3499,619228
1498,049019 1287,538248 758,925000 3547,512267
1462,980010 1290,280516 745,425000 3501,685526
1463,687575 1288,213150 742,950000 3497,850725
1457,962312 1292,677399 740,250000 3493,889711
1496,588911 1283,073999 760,200000 3542,862910
1499,957401 1282,217453 762,150000 3547,324854
