# VRP NSGA-III - Frente de Pareto
# Tempo: 497169 ms | Tamanho: 17
# Formato: Distancia Tempo Combustivel FitnessPonderado

1463,949862 1286,703972 739,425000 3493,078833
1455,952049 1291,672268 736,725000 3487,349316
1467,659797 1288,558939 738,900000 3498,118736
1465,387247 1289,062987 738,900000 3496,350234
1455,244483 1293,739634 739,200000 3491,184117
1459,661984 1293,527236 736,200000 3492,389219
1461,934534 1293,023188 736,200000 3494,157722
1498,288584 1283,923835 756,150000 3541,362419
1461,677312 1287,208019 739,425000 3491,310331
1458,224598 1291,168221 736,725000 3489,117819
1460,969747 1289,275385 741,900000 3495,145131
1497,947138 1281,212322 758,625000 3540,784459
1496,038756 1286,533116 755,400000 3540,971872
1494,578648 1282,068867 756,675000 3536,322516
1497,581018 1285,991201 756,225000 3542,797219
1495,674588 1281,716369 758,625000 3539,015957
1493,871083 1284,136233 756,750000 3537,757316
