# VRP NSGA-III - Frente de Pareto
# Tempo: 502566 ms | Tamanho: 16
# Formato: Distancia Tempo Combustivel FitnessPonderado

1456,322023 1292,649562 733,275000 3485,246585
1462,882972 1286,225939 738,150000 3490,258910
1459,902857 1288,797352 738,150000 3489,850209
1496,851198 1281,564820 756,675000 3538,091018
1498,288584 1283,923835 756,150000 3541,362419
1460,609900 1285,826298 739,425000 3488,861199
1452,612087 1290,794595 733,800000 3480,206682
1458,594572 1292,145515 733,275000 3487,015087
1454,884637 1290,290547 733,800000 3481,975184
1466,592907 1288,080906 737,625000 3495,298813
1464,320357 1288,584953 737,625000 3493,530311
1457,629786 1288,397711 741,225000 3490,252497
1460,610422 1286,729986 738,150000 3488,490408
1451,904522 1292,861960 735,600000 3483,366483
1495,674588 1281,716369 758,625000 3539,015957
1458,337351 1286,330346 739,425000 3487,092696
