# VRP NSGA-III - Frente de Pareto
# Tempo: 525986 ms | Tamanho: 11
# Formato: Distancia Tempo Combustivel FitnessPonderado

1453,061762 1285,321392 738,825000 3480,208155
1487,766603 1277,762377 755,550000 3524,078980
1450,316614 1287,214228 736,650000 3477,180842
1448,044064 1287,718276 736,650000 3475,412340
1453,769327 1283,254027 736,350000 3476,373354
1485,963099 1280,182241 753,675000 3522,820340
1447,336499 1289,785641 739,125000 3479,247140
1456,041877 1282,749979 736,350000 3478,141857
1488,943214 1277,610828 753,600000 3523,154041
1487,059038 1279,829742 753,675000 3523,563781
1490,039153 1277,258329 755,550000 3525,847482
