# VRP NSGA-III - Frente de Pareto
# Tempo: 508367 ms | Tamanho: 12
# Formato: Distancia Tempo Combustivel FitnessPonderado

1456,494773 1294,364778 737,925000 3491,784551
1456,400576 1294,317680 738,675000 3492,393255
1460,204708 1296,219746 737,400000 3496,824454
1468,202521 1291,251450 740,100000 3502,553971
1464,492586 1289,396482 740,625000 3497,514068
1458,673125 1293,813632 738,675000 3494,161758
1465,929972 1291,755497 740,100000 3500,785469
1462,220036 1289,900529 740,625000 3495,745566
1464,398389 1289,349383 741,375000 3498,122772
1462,125839 1289,853431 741,375000 3496,354270
1462,477258 1295,715699 737,400000 3498,592957
1458,767323 1293,860731 737,925000 3493,553054
