Subpopulacao\Geracao	gFinal
NSGA3_DistanciaMin	1755,03
NSGA3_TempoMin	1593,61
NSGA3_CombustivelMin	891,60
NSGA3_DistanciaMedia	1809,12
NSGA3_TempoMedio	1595,86
NSGA3_CombustivelMedio	920,42
NSGA3_FitnessPonderadoMin	4226,92
NSGA3_FitnessPonderadoMedio	4279,94
NSGA3_TamanhoFrente	5
TempoExecucao(ms)	484450
Parametros	Pop=600; Geracoes=3000; Pc=1,00; Pm=0,01

=== DIAGNOSTICO ===
Solucoes criadas: 596
Total avaliacoes: 1788596
Solucoes unicas: 39992

=== HISTORICO DE EVOLUCAO ===
Eval	BestDist	BestTime	BestFuel
5000	2091,52	1848,30	1065,23
10000	2050,46	1832,99	1040,48
15000	2045,17	1809,16	1040,48
20000	1997,92	1809,16	1020,08
25000	1997,92	1798,42	1020,08
30000	1984,05	1794,92	1012,35
35000	1984,05	1774,45	1012,35
40000	1953,57	1774,45	996,38
45000	1953,57	1758,46	996,38
50000	1941,45	1754,97	990,23
55000	1941,45	1746,64	989,18
60000	1935,86	1729,78	981,97
65000	1920,66	1729,78	974,55
70000	1919,97	1728,48	974,55
75000	1910,26	1726,41	969,97
80000	1900,30	1715,14	961,65
85000	1883,08	1715,14	952,72
90000	1874,00	1707,11	949,65
95000	1874,00	1707,11	949,65
100000	1866,99	1687,69	945,30
105000	1862,87	1687,69	943,12
110000	1862,87	1687,69	943,12
115000	1852,50	1687,69	941,40
120000	1843,29	1687,69	935,47
125000	1843,29	1679,37	935,47
130000	1841,40	1679,37	935,47
135000	1841,40	1679,37	935,47
140000	1825,01	1674,25	923,63
145000	1825,01	1673,27	923,63
150000	1825,01	1673,27	923,63
155000	1825,01	1657,59	923,63
160000	1819,95	1657,59	920,55
165000	1819,95	1657,59	920,55
170000	1819,95	1638,17	920,55
175000	1819,95	1631,91	920,55
180000	1819,95	1630,20	920,55
185000	1819,95	1629,59	920,55
190000	1815,67	1628,78	918,82
195000	1815,67	1626,20	918,82
200000	1815,67	1626,20	918,82
205000	1815,67	1626,20	918,82
210000	1815,67	1626,20	918,82
215000	1815,67	1620,32	918,82
220000	1815,67	1620,32	918,82
225000	1815,67	1620,32	918,82
230000	1815,67	1620,32	918,82
235000	1815,18	1620,32	918,82
240000	1815,18	1620,32	918,82
245000	1815,18	1620,32	918,82
250000	1815,18	1613,39	918,82
255000	1815,18	1613,39	918,82
260000	1815,18	1613,39	918,82
265000	1815,18	1613,39	918,82
270000	1814,01	1612,98	918,82
275000	1814,01	1612,98	918,82
280000	1814,01	1612,98	918,82
285000	1814,01	1612,98	918,82
290000	1814,01	1612,98	918,82
295000	1814,01	1612,98	918,82
300000	1814,01	1612,98	918,82
305000	1814,01	1612,98	918,82
310000	1814,01	1612,98	918,82
315000	1805,89	1612,98	915,75
320000	1805,89	1611,41	915,75
325000	1805,89	1611,41	915,75
330000	1805,89	1607,41	915,75
335000	1805,89	1607,41	915,75
340000	1805,89	1607,41	915,75
345000	1805,89	1605,41	915,75
350000	1805,89	1604,73	915,75
355000	1805,89	1602,73	915,75
360000	1805,89	1602,73	915,75
365000	1805,89	1602,73	915,75
370000	1805,89	1602,73	915,75
375000	1805,89	1602,73	915,75
380000	1805,89	1599,61	915,75
385000	1805,89	1599,61	915,75
390000	1805,89	1595,61	915,75
395000	1805,89	1595,61	915,75
400000	1798,78	1593,61	914,40
405000	1798,78	1593,61	914,40
410000	1789,22	1593,61	910,05
415000	1789,22	1593,61	910,05
420000	1789,22	1593,61	910,05
425000	1776,98	1593,61	902,03
430000	1776,98	1593,61	902,03
435000	1776,98	1593,61	902,03
440000	1776,98	1593,61	902,03
445000	1776,98	1593,61	902,03
450000	1776,98	1593,61	902,03
455000	1776,98	1593,61	902,03
460000	1776,98	1593,61	902,03
465000	1776,98	1593,61	902,03
470000	1776,98	1593,61	900,53
475000	1776,98	1593,61	900,53
480000	1767,55	1593,61	896,40
485000	1767,55	1593,61	896,40
490000	1767,55	1593,61	896,40
495000	1767,55	1593,61	896,40
500000	1767,55	1593,61	896,40
505000	1767,55	1593,61	896,40
510000	1767,55	1593,61	896,40
515000	1767,55	1593,61	896,40
520000	1767,55	1593,61	896,40
525000	1763,26	1593,61	894,68
530000	1763,26	1593,61	894,68
535000	1763,26	1593,61	894,68
540000	1763,26	1593,61	894,68
545000	1763,26	1593,61	894,68
550000	1763,26	1593,61	894,68
555000	1763,26	1593,61	894,68
560000	1763,26	1593,61	894,68
565000	1763,26	1593,61	894,68
570000	1763,26	1593,61	894,68
575000	1763,26	1593,61	894,68
580000	1763,26	1593,61	894,68
585000	1763,26	1593,61	894,68
590000	1763,26	1593,61	894,68
595000	1763,26	1593,61	894,68
600000	1763,26	1593,61	894,68
605000	1763,26	1593,61	894,68
610000	1763,26	1593,61	894,68
615000	1763,26	1593,61	894,68
620000	1763,26	1593,61	894,68
625000	1763,26	1593,61	894,68
630000	1763,26	1593,61	894,68
635000	1763,26	1593,61	894,68
640000	1763,26	1593,61	894,68
645000	1763,26	1593,61	894,68
650000	1763,26	1593,61	894,68
655000	1763,26	1593,61	894,68
660000	1763,26	1593,61	894,68
665000	1763,26	1593,61	894,68
670000	1763,26	1593,61	894,68
675000	1763,26	1593,61	894,68
680000	1763,26	1593,61	894,68
685000	1763,26	1593,61	894,68
690000	1763,26	1593,61	894,68
695000	1763,26	1593,61	894,68
700000	1763,26	1593,61	894,68
705000	1763,26	1593,61	894,68
710000	1763,26	1593,61	894,68
715000	1763,26	1593,61	894,68
720000	1763,26	1593,61	894,68
725000	1763,26	1593,61	894,68
730000	1763,26	1593,61	894,68
735000	1763,26	1593,61	894,68
740000	1763,26	1593,61	894,68
745000	1763,26	1593,61	894,68
750000	1763,26	1593,61	894,68
755000	1755,03	1593,61	891,60
760000	1755,03	1593,61	891,60
765000	1755,03	1593,61	891,60
770000	1755,03	1593,61	891,60
775000	1755,03	1593,61	891,60
780000	1755,03	1593,61	891,60
785000	1755,03	1593,61	891,60
790000	1755,03	1593,61	891,60
795000	1755,03	1593,61	891,60
800000	1755,03	1593,61	891,60
805000	1755,03	1593,61	891,60
810000	1755,03	1593,61	891,60
815000	1755,03	1593,61	891,60
820000	1755,03	1593,61	891,60
825000	1755,03	1593,61	891,60
830000	1755,03	1593,61	891,60
835000	1755,03	1593,61	891,60
840000	1755,03	1593,61	891,60
845000	1755,03	1593,61	891,60
850000	1755,03	1593,61	891,60
855000	1755,03	1593,61	891,60
860000	1755,03	1593,61	891,60
865000	1755,03	1593,61	891,60
870000	1755,03	1593,61	891,60
875000	1755,03	1593,61	891,60
880000	1755,03	1593,61	891,60
885000	1755,03	1593,61	891,60
890000	1755,03	1593,61	891,60
895000	1755,03	1593,61	891,60
900000	1755,03	1593,61	891,60
905000	1755,03	1593,61	891,60
910000	1755,03	1593,61	891,60
915000	1755,03	1593,61	891,60
920000	1755,03	1593,61	891,60
925000	1755,03	1593,61	891,60
930000	1755,03	1593,61	891,60
935000	1755,03	1593,61	891,60
940000	1755,03	1593,61	891,60
945000	1755,03	1593,61	891,60
950000	1755,03	1593,61	891,60
955000	1755,03	1593,61	891,60
960000	1755,03	1593,61	891,60
965000	1755,03	1593,61	891,60
970000	1755,03	1593,61	891,60
975000	1755,03	1593,61	891,60
980000	1755,03	1593,61	891,60
985000	1755,03	1593,61	891,60
990000	1755,03	1593,61	891,60
995000	1755,03	1593,61	891,60
1000000	1755,03	1593,61	891,60
1005000	1755,03	1593,61	891,60
1010000	1755,03	1593,61	891,60
1015000	1755,03	1593,61	891,60
1020000	1755,03	1593,61	891,60
1025000	1755,03	1593,61	891,60
1030000	1755,03	1593,61	891,60
1035000	1755,03	1593,61	891,60
1040000	1755,03	1593,61	891,60
1045000	1755,03	1593,61	891,60
1050000	1755,03	1593,61	891,60
1055000	1755,03	1593,61	891,60
1060000	1755,03	1593,61	891,60
1065000	1755,03	1593,61	891,60
1070000	1755,03	1593,61	891,60
1075000	1755,03	1593,61	891,60
1080000	1755,03	1593,61	891,60
1085000	1755,03	1593,61	891,60
1090000	1755,03	1593,61	891,60
1095000	1755,03	1593,61	891,60
1100000	1755,03	1593,61	891,60
1105000	1755,03	1593,61	891,60
1110000	1755,03	1593,61	891,60
1115000	1755,03	1593,61	891,60
1120000	1755,03	1593,61	891,60
1125000	1755,03	1593,61	891,60
1130000	1755,03	1593,61	891,60
1135000	1755,03	1593,61	891,60
1140000	1755,03	1593,61	891,60
1145000	1755,03	1593,61	891,60
1150000	1755,03	1593,61	891,60
1155000	1755,03	1593,61	891,60
1160000	1755,03	1593,61	891,60
1165000	1755,03	1593,61	891,60
1170000	1755,03	1593,61	891,60
1175000	1755,03	1593,61	891,60
1180000	1755,03	1593,61	891,60
1185000	1755,03	1593,61	891,60
1190000	1755,03	1593,61	891,60
1195000	1755,03	1593,61	891,60
1200000	1755,03	1593,61	891,60
1205000	1755,03	1593,61	891,60
1210000	1755,03	1593,61	891,60
1215000	1755,03	1593,61	891,60
1220000	1755,03	1593,61	891,60
1225000	1755,03	1593,61	891,60
1230000	1755,03	1593,61	891,60
1235000	1755,03	1593,61	891,60
1240000	1755,03	1593,61	891,60
1245000	1755,03	1593,61	891,60
1250000	1755,03	1593,61	891,60
1255000	1755,03	1593,61	891,60
1260000	1755,03	1593,61	891,60
1265000	1755,03	1593,61	891,60
1270000	1755,03	1593,61	891,60
1275000	1755,03	1593,61	891,60
1280000	1755,03	1593,61	891,60
1285000	1755,03	1593,61	891,60
1290000	1755,03	1593,61	891,60
1295000	1755,03	1593,61	891,60
1300000	1755,03	1593,61	891,60
1305000	1755,03	1593,61	891,60
1310000	1755,03	1593,61	891,60
1315000	1755,03	1593,61	891,60
1320000	1755,03	1593,61	891,60
1325000	1755,03	1593,61	891,60
1330000	1755,03	1593,61	891,60
1335000	1755,03	1593,61	891,60
1340000	1755,03	1593,61	891,60
1345000	1755,03	1593,61	891,60
1350000	1755,03	1593,61	891,60
1355000	1755,03	1593,61	891,60
1360000	1755,03	1593,61	891,60
1365000	1755,03	1593,61	891,60
1370000	1755,03	1593,61	891,60
1375000	1755,03	1593,61	891,60
1380000	1755,03	1593,61	891,60
1385000	1755,03	1593,61	891,60
1390000	1755,03	1593,61	891,60
1395000	1755,03	1593,61	891,60
1400000	1755,03	1593,61	891,60
1405000	1755,03	1593,61	891,60
1410000	1755,03	1593,61	891,60
1415000	1755,03	1593,61	891,60
1420000	1755,03	1593,61	891,60
1425000	1755,03	1593,61	891,60
1430000	1755,03	1593,61	891,60
1435000	1755,03	1593,61	891,60
1440000	1755,03	1593,61	891,60
1445000	1755,03	1593,61	891,60
1450000	1755,03	1593,61	891,60
1455000	1755,03	1593,61	891,60
1460000	1755,03	1593,61	891,60
1465000	1755,03	1593,61	891,60
1470000	1755,03	1593,61	891,60
1475000	1755,03	1593,61	891,60
1480000	1755,03	1593,61	891,60
1485000	1755,03	1593,61	891,60
1490000	1755,03	1593,61	891,60
1495000	1755,03	1593,61	891,60
1500000	1755,03	1593,61	891,60
1505000	1755,03	1593,61	891,60
1510000	1755,03	1593,61	891,60
1515000	1755,03	1593,61	891,60
1520000	1755,03	1593,61	891,60
1525000	1755,03	1593,61	891,60
1530000	1755,03	1593,61	891,60
1535000	1755,03	1593,61	891,60
1540000	1755,03	1593,61	891,60
1545000	1755,03	1593,61	891,60
1550000	1755,03	1593,61	891,60
1555000	1755,03	1593,61	891,60
1560000	1755,03	1593,61	891,60
1565000	1755,03	1593,61	891,60
1570000	1755,03	1593,61	891,60
1575000	1755,03	1593,61	891,60
1580000	1755,03	1593,61	891,60
1585000	1755,03	1593,61	891,60
1590000	1755,03	1593,61	891,60
1595000	1755,03	1593,61	891,60
1600000	1755,03	1593,61	891,60
1605000	1755,03	1593,61	891,60
1610000	1755,03	1593,61	891,60
1615000	1755,03	1593,61	891,60
1620000	1755,03	1593,61	891,60
1625000	1755,03	1593,61	891,60
1630000	1755,03	1593,61	891,60
1635000	1755,03	1593,61	891,60
1640000	1755,03	1593,61	891,60
1645000	1755,03	1593,61	891,60
1650000	1755,03	1593,61	891,60
1655000	1755,03	1593,61	891,60
1660000	1755,03	1593,61	891,60
1665000	1755,03	1593,61	891,60
1670000	1755,03	1593,61	891,60
1675000	1755,03	1593,61	891,60
1680000	1755,03	1593,61	891,60
1685000	1755,03	1593,61	891,60
1690000	1755,03	1593,61	891,60
1695000	1755,03	1593,61	891,60
1700000	1755,03	1593,61	891,60
1705000	1755,03	1593,61	891,60
1710000	1755,03	1593,61	891,60
1715000	1755,03	1593,61	891,60
1720000	1755,03	1593,61	891,60
1725000	1755,03	1593,61	891,60
1730000	1755,03	1593,61	891,60
1735000	1755,03	1593,61	891,60
1740000	1755,03	1593,61	891,60
1745000	1755,03	1593,61	891,60
1750000	1755,03	1593,61	891,60
1755000	1755,03	1593,61	891,60
1760000	1755,03	1593,61	891,60
1765000	1755,03	1593,61	891,60
1770000	1755,03	1593,61	891,60
1775000	1755,03	1593,61	891,60
1780000	1755,03	1593,61	891,60
1785000	1755,03	1593,61	891,60

=== MELHOR SOLUCAO (Fitness Ponderado Minimo) ===
Fitness Ponderado: 4226,923146
Distancia: 1755,03
Tempo: 1598,53
Combustivel: 891,60

Veiculo 0: 10 clientes, demanda: 189/200, rota: [92, 31, 29, 27, 34, 50, 94, 96, 93, 80]
Veiculo 1: 7 clientes, demanda: 77/200, rota: [95, 62, 85, 84, 56, 66, 91]
Veiculo 2: 10 clientes, demanda: 170/200, rota: [42, 39, 36, 37, 38, 41, 72, 54, 70, 100]
Veiculo 3: 10 clientes, demanda: 180/200, rota: [65, 83, 19, 23, 21, 18, 49, 48, 25, 24]
Veiculo 4: 10 clientes, demanda: 187/200, rota: [2, 45, 3, 1, 5, 8, 7, 46, 4, 60]
Veiculo 5: 6 clientes, demanda: 76/200, rota: [63, 33, 30, 28, 26, 32]
Veiculo 6: 9 clientes, demanda: 160/200, rota: [12, 14, 47, 15, 16, 9, 10, 13, 17]
Veiculo 7: 5 clientes, demanda: 88/200, rota: [52, 51, 76, 89, 20]
Veiculo 8: 5 clientes, demanda: 123/200, rota: [59, 11, 78, 55, 68]
Veiculo 9: 4 clientes, demanda: 80/200, rota: [44, 40, 43, 35]
Veiculo 10: 5 clientes, demanda: 108/200, rota: [64, 22, 57, 74, 58]
Veiculo 11: 4 clientes, demanda: 60/200, rota: [98, 69, 88, 53]
Veiculo 12: 3 clientes, demanda: 55/200, rota: [73, 79, 6]
Veiculo 13: 5 clientes, demanda: 99/200, rota: [86, 87, 97, 75, 77]
Veiculo 14: 3 clientes, demanda: 30/200, rota: [99, 82, 90]
Veiculo 16: 3 clientes, demanda: 33/200, rota: [71, 67, 81]
Veiculo 17: 1 clientes, demanda: 9/200, rota: [61]
