# VRP NSGA-III - Frente de Pareto
# Tempo: 493311 ms | Tamanho: 8
# Formato: Distancia Tempo Combustivel FitnessPonderado

1910,471331 1658,399560 975,600000 4493,659502
1873,120440 1719,390967 955,575000 4519,761408
1877,718625 1677,819900 959,925000 4464,652136
1893,018108 1677,818283 966,675000 4486,700003
1966,436003 1640,416445 1004,700000 4500,106146
1882,179918 1703,425111 959,850000 4517,130029
1937,670716 1647,573387 988,200000 4498,538950
1933,446638 1648,752677 986,250000 4493,544161
