# VRP NSGA-III - Frente de Pareto
# Tempo: 514590 ms | Tamanho: 9
# Formato: Distancia Tempo Combustivel FitnessPonderado

1835,489464 1653,181941 926,625000 4398,754270
1821,347328 1671,070766 919,725000 4394,156706
1872,229212 1636,314606 949,200000 4419,786859
1864,348391 1651,083336 945,375000 4422,028204
1873,258145 1633,505856 949,200000 4418,007042
1866,121102 1636,729422 942,975000 4407,868566
1865,696919 1640,839844 947,850000 4414,985552
1860,472656 1653,180325 936,525000 4433,635846
1878,810121 1625,759770 954,750000 4421,362932
