Subpopulacao\Geracao	gFinal
NSGA3_DistanciaMin	1534,07
NSGA3_TempoMin	1453,17
NSGA3_CombustivelMin	772,13
NSGA3_DistanciaMedia	1545,74
NSGA3_TempoMedio	1461,90
NSGA3_CombustivelMedio	778,28
NSGA3_FitnessPonderadoMin	3779,74
NSGA3_FitnessPonderadoMedio	3789,67
NSGA3_TamanhoFrente	9
TempoExecucao(ms)	473903
Parametros	Pop=600; Geracoes=3000; Pc=1,00; Pm=0,01

=== DIAGNOSTICO ===
Solucoes criadas: 596
Total avaliacoes: 1788596
Solucoes unicas: 29458

=== HISTORICO DE EVOLUCAO ===
Eval	BestDist	BestTime	BestFuel
5000	1720,34	1587,16	868,43
10000	1720,34	1587,16	865,72
15000	1720,34	1587,16	865,72
20000	1718,51	1584,25	865,72
25000	1716,43	1579,39	865,72
30000	1703,03	1564,55	861,68
35000	1701,32	1559,07	858,53
40000	1692,00	1559,07	856,88
45000	1685,83	1558,98	852,97
50000	1685,83	1558,98	852,97
55000	1685,83	1552,70	852,97
60000	1679,27	1552,70	850,95
65000	1679,27	1545,32	850,95
70000	1667,07	1545,32	847,88
75000	1667,07	1544,97	847,88
80000	1667,07	1541,36	847,88
85000	1660,53	1533,59	847,20
90000	1647,70	1533,59	841,50
95000	1647,70	1529,27	841,50
100000	1647,70	1529,27	841,05
105000	1647,70	1520,48	839,18
110000	1647,70	1520,48	839,18
115000	1647,70	1520,48	837,97
120000	1640,65	1520,48	837,97
125000	1629,55	1520,48	831,60
130000	1629,55	1520,48	831,60
135000	1626,47	1520,06	827,25
140000	1626,47	1518,41	827,25
145000	1626,47	1510,83	824,25
150000	1614,27	1510,83	818,02
155000	1614,27	1510,83	818,02
160000	1614,27	1510,83	818,02
165000	1614,27	1510,83	818,02
170000	1614,27	1509,39	818,02
175000	1614,27	1509,39	818,02
180000	1614,27	1509,39	818,02
185000	1614,27	1509,39	818,02
190000	1614,27	1507,55	818,02
195000	1614,27	1494,82	818,02
200000	1614,27	1494,82	818,02
205000	1606,17	1494,82	810,00
210000	1606,17	1491,04	810,00
215000	1606,17	1491,04	810,00
220000	1599,30	1491,04	804,97
225000	1599,30	1491,04	804,97
230000	1599,30	1491,04	804,97
235000	1577,06	1491,04	792,67
240000	1577,06	1486,87	792,67
245000	1577,06	1486,87	792,67
250000	1577,06	1478,01	792,67
255000	1577,06	1478,01	792,67
260000	1577,06	1478,01	792,67
265000	1577,06	1478,01	792,67
270000	1577,06	1477,70	792,67
275000	1577,06	1477,70	792,67
280000	1577,06	1472,26	791,77
285000	1572,35	1472,26	788,70
290000	1572,35	1472,26	788,70
295000	1572,35	1472,26	788,70
300000	1566,94	1472,26	788,02
305000	1566,94	1472,26	788,02
310000	1566,94	1472,26	788,02
315000	1566,94	1469,41	788,02
320000	1566,94	1469,41	788,02
325000	1566,94	1469,41	788,02
330000	1566,94	1469,41	788,02
335000	1562,93	1469,41	788,02
340000	1562,93	1468,49	788,02
345000	1562,93	1467,65	788,02
350000	1562,93	1467,65	788,02
355000	1562,93	1467,65	788,02
360000	1562,88	1467,65	788,02
365000	1562,88	1467,65	788,02
370000	1562,88	1467,22	788,02
375000	1562,88	1467,22	788,02
380000	1562,88	1465,46	788,02
385000	1560,33	1465,46	786,82
390000	1560,33	1465,46	786,82
395000	1560,33	1461,37	786,82
400000	1560,33	1461,37	786,82
405000	1554,28	1461,37	783,15
410000	1554,28	1461,37	783,15
415000	1554,28	1461,37	783,15
420000	1554,28	1460,82	783,15
425000	1554,28	1460,82	783,15
430000	1554,28	1460,82	783,15
435000	1554,28	1460,23	783,15
440000	1554,28	1460,23	783,15
445000	1554,28	1460,23	783,15
450000	1543,99	1460,23	778,27
455000	1543,99	1460,23	778,27
460000	1543,99	1460,23	778,27
465000	1543,99	1460,23	778,27
470000	1543,99	1459,80	778,27
475000	1540,26	1459,80	778,27
480000	1540,26	1459,80	778,27
485000	1540,26	1458,91	778,27
490000	1540,26	1458,91	778,27
495000	1540,26	1458,91	778,27
500000	1540,26	1458,91	778,27
505000	1540,26	1458,91	778,27
510000	1540,26	1458,91	778,27
515000	1540,26	1458,91	778,27
520000	1540,26	1458,91	778,27
525000	1540,26	1458,91	778,27
530000	1540,26	1458,91	778,27
535000	1540,26	1458,91	778,27
540000	1540,26	1458,91	778,27
545000	1540,26	1458,91	778,27
550000	1540,26	1458,91	778,27
555000	1540,26	1458,91	778,27
560000	1540,26	1458,91	778,27
565000	1540,26	1458,91	778,27
570000	1540,26	1458,91	778,27
575000	1540,26	1458,91	778,27
580000	1540,26	1458,91	778,27
585000	1540,26	1458,48	778,27
590000	1540,26	1458,48	778,27
595000	1540,26	1458,48	778,27
600000	1540,26	1458,48	778,27
605000	1540,26	1458,48	778,27
610000	1540,26	1458,48	778,27
615000	1540,26	1458,48	778,27
620000	1538,25	1458,48	778,27
625000	1538,25	1458,48	778,27
630000	1538,25	1458,48	778,27
635000	1538,25	1458,48	778,27
640000	1536,01	1458,48	776,55
645000	1536,01	1458,48	776,55
650000	1536,01	1458,48	776,55
655000	1536,01	1458,48	776,55
660000	1536,01	1458,48	776,55
665000	1536,01	1458,48	776,55
670000	1536,01	1458,48	776,55
675000	1536,01	1455,79	776,55
680000	1536,01	1455,79	776,55
685000	1536,01	1455,79	776,55
690000	1536,01	1455,79	776,55
695000	1536,01	1455,79	776,55
700000	1536,01	1455,79	776,55
705000	1536,01	1455,79	776,55
710000	1536,01	1455,79	776,55
715000	1536,01	1455,79	776,55
720000	1536,01	1455,79	776,55
725000	1536,01	1455,79	776,55
730000	1536,01	1455,79	776,55
735000	1536,01	1455,79	776,55
740000	1536,01	1455,79	776,55
745000	1536,01	1455,79	776,55
750000	1536,01	1455,79	776,55
755000	1536,01	1455,79	776,55
760000	1536,01	1455,79	776,55
765000	1536,01	1455,79	776,55
770000	1536,01	1455,79	776,55
775000	1536,01	1455,79	776,55
780000	1536,01	1455,79	776,55
785000	1536,01	1455,79	776,55
790000	1536,01	1455,79	776,55
795000	1536,01	1455,79	776,55
800000	1536,01	1455,79	776,55
805000	1536,01	1455,79	776,55
810000	1536,01	1455,79	776,55
815000	1536,01	1455,79	776,55
820000	1536,01	1455,79	776,55
825000	1536,01	1455,79	776,55
830000	1536,01	1455,79	776,55
835000	1536,01	1455,79	776,55
840000	1536,01	1455,79	776,55
845000	1536,01	1455,79	776,55
850000	1536,01	1455,79	776,55
855000	1536,01	1455,79	776,55
860000	1536,01	1455,79	776,55
865000	1536,01	1455,79	776,55
870000	1536,01	1455,79	776,55
875000	1536,01	1455,79	776,55
880000	1536,01	1455,79	776,55
885000	1536,01	1455,79	776,55
890000	1536,01	1455,79	776,55
895000	1536,01	1455,79	776,55
900000	1536,01	1455,79	776,55
905000	1536,01	1455,79	776,55
910000	1536,01	1455,79	776,55
915000	1536,01	1455,79	776,55
920000	1536,01	1455,79	776,55
925000	1536,01	1455,79	776,55
930000	1536,01	1455,79	776,55
935000	1536,01	1455,79	776,55
940000	1536,01	1455,79	776,55
945000	1536,01	1455,79	776,55
950000	1536,01	1455,79	776,55
955000	1536,01	1455,79	776,55
960000	1536,01	1455,79	776,55
965000	1536,01	1455,79	776,55
970000	1536,01	1455,79	776,55
975000	1536,01	1455,79	776,55
980000	1536,01	1455,79	776,55
985000	1536,01	1455,79	776,55
990000	1536,01	1455,79	776,55
995000	1536,01	1455,79	776,55
1000000	1536,01	1455,79	776,55
1005000	1536,01	1455,79	776,55
1010000	1536,01	1455,79	776,55
1015000	1536,01	1455,79	776,55
1020000	1536,01	1455,79	776,55
1025000	1536,01	1455,79	776,55
1030000	1536,01	1455,79	776,55
1035000	1536,01	1455,79	776,55
1040000	1536,01	1455,79	776,55
1045000	1536,01	1455,79	776,55
1050000	1536,01	1455,79	776,55
1055000	1536,01	1455,79	776,55
1060000	1536,01	1455,79	776,55
1065000	1536,01	1455,79	776,55
1070000	1536,01	1455,79	776,55
1075000	1536,01	1455,79	776,55
1080000	1536,01	1455,79	776,55
1085000	1536,01	1455,79	776,55
1090000	1536,01	1455,79	776,55
1095000	1536,01	1455,79	776,55
1100000	1536,01	1455,79	776,55
1105000	1536,01	1455,79	776,55
1110000	1536,01	1455,79	776,55
1115000	1536,01	1455,79	776,55
1120000	1536,01	1455,79	776,55
1125000	1536,01	1455,79	776,55
1130000	1536,01	1455,79	776,55
1135000	1536,01	1455,79	776,55
1140000	1536,01	1455,79	776,55
1145000	1536,01	1455,79	776,55
1150000	1536,01	1455,79	776,55
1155000	1536,01	1455,79	776,55
1160000	1536,01	1455,79	776,55
1165000	1536,01	1455,79	776,55
1170000	1536,01	1455,79	776,55
1175000	1536,01	1455,79	776,55
1180000	1536,01	1455,79	776,55
1185000	1536,01	1455,79	776,55
1190000	1536,01	1455,79	776,55
1195000	1536,01	1455,79	776,55
1200000	1536,01	1455,79	776,55
1205000	1536,01	1455,79	776,55
1210000	1536,01	1455,79	776,55
1215000	1536,01	1455,79	776,55
1220000	1536,01	1455,79	776,55
1225000	1536,01	1455,79	776,55
1230000	1536,01	1455,79	776,55
1235000	1536,01	1455,79	776,55
1240000	1536,01	1455,79	776,55
1245000	1536,01	1455,79	776,55
1250000	1536,01	1455,79	776,55
1255000	1536,01	1455,79	776,55
1260000	1536,01	1455,79	776,55
1265000	1536,01	1455,79	776,55
1270000	1536,01	1455,79	776,55
1275000	1536,01	1455,79	776,55
1280000	1536,01	1455,79	776,55
1285000	1536,01	1455,79	776,55
1290000	1536,01	1455,79	776,55
1295000	1536,01	1455,79	776,55
1300000	1536,01	1455,79	776,55
1305000	1536,01	1455,79	776,55
1310000	1536,01	1455,79	776,55
1315000	1536,01	1455,79	776,55
1320000	1536,01	1455,79	776,55
1325000	1536,01	1455,79	776,55
1330000	1536,01	1455,79	776,55
1335000	1536,01	1455,79	776,55
1340000	1536,01	1455,79	776,55
1345000	1536,01	1455,79	776,55
1350000	1536,01	1455,79	776,55
1355000	1536,01	1455,79	776,55
1360000	1536,01	1455,79	776,55
1365000	1536,01	1455,79	776,55
1370000	1536,01	1455,79	776,55
1375000	1536,01	1455,79	776,55
1380000	1536,01	1455,79	776,55
1385000	1536,01	1455,79	776,55
1390000	1536,01	1455,79	776,55
1395000	1536,01	1455,79	776,55
1400000	1536,01	1455,79	776,55
1405000	1536,01	1455,79	776,55
1410000	1536,01	1455,79	776,55
1415000	1536,01	1455,79	776,55
1420000	1536,01	1455,79	776,55
1425000	1536,01	1455,79	776,55
1430000	1536,01	1455,79	776,55
1435000	1536,01	1455,79	776,55
1440000	1536,01	1455,79	776,55
1445000	1536,01	1455,79	776,55
1450000	1536,01	1455,79	776,55
1455000	1536,01	1455,79	776,55
1460000	1536,01	1455,79	776,55
1465000	1536,01	1455,79	776,55
1470000	1536,01	1455,79	776,55
1475000	1536,01	1455,79	776,55
1480000	1536,01	1455,79	776,55
1485000	1536,01	1455,79	776,55
1490000	1536,01	1455,79	776,55
1495000	1536,01	1455,79	776,55
1500000	1536,01	1455,79	776,55
1505000	1536,01	1455,79	776,55
1510000	1536,01	1455,79	776,55
1515000	1536,01	1455,79	776,55
1520000	1536,01	1455,62	776,55
1525000	1536,01	1455,62	776,55
1530000	1536,01	1455,62	776,55
1535000	1536,01	1455,62	776,55
1540000	1536,01	1455,62	775,05
1545000	1536,01	1454,16	775,05
1550000	1536,01	1454,16	775,05
1555000	1536,01	1454,16	775,05
1560000	1536,01	1454,16	773,85
1565000	1536,01	1454,16	773,85
1570000	1536,01	1454,16	773,85
1575000	1536,01	1454,16	773,85
1580000	1536,01	1454,16	773,85
1585000	1536,01	1454,16	773,85
1590000	1534,07	1454,16	772,13
1595000	1534,07	1454,16	772,13
1600000	1534,07	1454,16	772,13
1605000	1534,07	1454,16	772,13
1610000	1534,07	1454,16	772,13
1615000	1534,07	1454,16	772,13
1620000	1534,07	1454,16	772,13
1625000	1534,07	1454,16	772,13
1630000	1534,07	1454,16	772,13
1635000	1534,07	1454,16	772,13
1640000	1534,07	1454,16	772,13
1645000	1534,07	1454,16	772,13
1650000	1534,07	1454,16	772,13
1655000	1534,07	1454,16	772,13
1660000	1534,07	1454,16	772,13
1665000	1534,07	1454,16	772,13
1670000	1534,07	1454,16	772,13
1675000	1534,07	1454,16	772,13
1680000	1534,07	1454,16	772,13
1685000	1534,07	1454,16	772,13
1690000	1534,07	1454,16	772,13
1695000	1534,07	1454,16	772,13
1700000	1534,07	1454,16	772,13
1705000	1534,07	1454,16	772,13
1710000	1534,07	1454,16	772,13
1715000	1534,07	1453,17	772,13
1720000	1534,07	1453,17	772,13
1725000	1534,07	1453,17	772,13
1730000	1534,07	1453,17	772,13
1735000	1534,07	1453,17	772,13
1740000	1534,07	1453,17	772,13
1745000	1534,07	1453,17	772,13
1750000	1534,07	1453,17	772,13
1755000	1534,07	1453,17	772,13
1760000	1534,07	1453,17	772,13
1765000	1534,07	1453,17	772,13
1770000	1534,07	1453,17	772,13
1775000	1534,07	1453,17	772,13
1780000	1534,07	1453,17	772,13
1785000	1534,07	1453,17	772,13

=== MELHOR SOLUCAO (Fitness Ponderado Minimo) ===
Fitness Ponderado: 3779,740339
Distancia: 1538,32
Tempo: 1463,82
Combustivel: 773,85

Veiculo 0: 9 clientes, demanda: 147/200, rota: [33, 65, 71, 51, 50, 68, 80, 12, 26]
Veiculo 1: 10 clientes, demanda: 168/200, rota: [48, 47, 36, 19, 82, 7, 52, 89, 96, 94]
Veiculo 2: 8 clientes, demanda: 94/200, rota: [1, 69, 62, 11, 90, 10, 32, 70]
Veiculo 3: 10 clientes, demanda: 191/200, rota: [39, 72, 21, 40, 53, 95, 97, 59, 13, 58]
Veiculo 4: 11 clientes, demanda: 190/200, rota: [92, 37, 14, 44, 38, 86, 91, 85, 100, 98, 93]
Veiculo 5: 7 clientes, demanda: 105/200, rota: [31, 63, 64, 49, 46, 17, 5]
Veiculo 6: 7 clientes, demanda: 77/200, rota: [42, 16, 61, 43, 74, 75, 2]
Veiculo 7: 5 clientes, demanda: 46/200, rota: [45, 84, 8, 83, 60]
Veiculo 8: 8 clientes, demanda: 107/200, rota: [27, 28, 76, 79, 78, 34, 35, 77]
Veiculo 9: 6 clientes, demanda: 103/200, rota: [23, 67, 56, 4, 54, 25]
Veiculo 10: 3 clientes, demanda: 41/200, rota: [15, 57, 87]
Veiculo 11: 5 clientes, demanda: 67/200, rota: [29, 9, 81, 3, 24]
Veiculo 12: 4 clientes, demanda: 64/200, rota: [88, 30, 66, 20]
Veiculo 13: 3 clientes, demanda: 24/200, rota: [99, 18, 6]
Veiculo 14: 4 clientes, demanda: 34/200, rota: [73, 22, 41, 55]
