Subpopulacao\Geracao	gFinal
NSGA3_DistanciaMin	1514,41
NSGA3_TempoMin	1421,38
NSGA3_CombustivelMin	768,08
NSGA3_DistanciaMedia	1529,12
NSGA3_TempoMedio	1443,18
NSGA3_CombustivelMedio	776,29
NSGA3_FitnessPonderadoMin	3732,93
NSGA3_FitnessPonderadoMedio	3752,34
NSGA3_TamanhoFrente	19
TempoExecucao(ms)	492033
Parametros	Pop=600; Geracoes=3000; Pc=1,00; Pm=0,01

=== DIAGNOSTICO ===
Solucoes criadas: 596
Total avaliacoes: 1788596
Solucoes unicas: 28986

=== HISTORICO DE EVOLUCAO ===
Eval	BestDist	BestTime	BestFuel
5000	1732,51	1591,97	875,93
10000	1718,51	1584,25	868,43
15000	1709,95	1581,69	868,43
20000	1709,95	1581,69	868,43
25000	1705,07	1579,51	862,43
30000	1705,07	1575,76	859,72
35000	1687,90	1575,76	855,38
40000	1687,90	1575,76	855,38
45000	1687,90	1573,93	855,38
50000	1680,94	1569,37	851,03
55000	1676,32	1568,19	847,12
60000	1676,32	1559,72	847,12
65000	1676,32	1559,59	847,12
70000	1658,18	1558,41	839,77
75000	1658,18	1558,41	839,77
80000	1658,18	1558,41	839,77
85000	1658,18	1555,16	839,77
90000	1654,89	1549,57	836,70
95000	1642,69	1549,57	834,22
100000	1642,69	1549,57	834,22
105000	1642,69	1549,57	834,22
110000	1642,69	1549,57	834,22
115000	1642,69	1543,73	834,22
120000	1641,42	1543,73	831,00
125000	1639,25	1543,24	831,00
130000	1637,70	1543,24	829,27
135000	1637,70	1540,98	829,27
140000	1633,12	1539,92	829,27
145000	1633,12	1539,81	829,27
150000	1633,12	1539,81	829,27
155000	1631,11	1533,60	829,27
160000	1630,04	1533,60	828,68
165000	1625,02	1533,25	825,00
170000	1625,02	1532,78	825,00
175000	1625,02	1532,78	825,00
180000	1625,02	1532,78	825,00
185000	1625,02	1531,60	823,13
190000	1625,02	1522,52	821,25
195000	1623,98	1522,52	821,25
200000	1623,98	1522,52	821,25
205000	1623,98	1522,52	821,25
210000	1618,15	1522,52	819,97
215000	1618,15	1522,52	819,97
220000	1615,08	1522,52	815,63
225000	1602,78	1518,35	814,43
230000	1602,78	1514,32	813,83
235000	1602,78	1514,32	813,83
240000	1602,78	1514,32	813,83
245000	1602,78	1514,32	813,83
250000	1601,90	1512,82	809,47
255000	1601,90	1512,82	809,47
260000	1601,90	1512,82	809,47
265000	1601,90	1512,25	809,47
270000	1600,86	1511,18	809,47
275000	1585,64	1511,18	803,55
280000	1585,64	1511,18	803,55
285000	1585,64	1511,18	803,55
290000	1585,64	1511,18	803,55
295000	1585,64	1509,84	803,55
300000	1585,64	1509,84	803,55
305000	1585,64	1509,84	803,55
310000	1585,64	1509,84	803,55
315000	1585,64	1508,67	803,03
320000	1585,64	1508,67	803,03
325000	1583,63	1508,66	803,03
330000	1583,63	1507,82	803,03
335000	1575,35	1506,22	798,00
340000	1575,35	1506,22	798,00
345000	1575,35	1506,22	798,00
350000	1575,35	1506,22	798,00
355000	1575,35	1506,22	798,00
360000	1571,34	1506,22	798,00
365000	1571,34	1502,20	796,72
370000	1571,34	1502,20	796,72
375000	1571,34	1502,20	796,72
380000	1571,34	1502,20	796,72
385000	1571,34	1496,71	796,72
390000	1571,34	1496,71	796,72
395000	1571,34	1496,71	796,72
400000	1571,34	1496,71	795,38
405000	1569,34	1496,71	795,38
410000	1569,34	1491,82	795,38
415000	1569,34	1491,82	795,38
420000	1569,34	1491,82	795,38
425000	1569,34	1491,82	795,38
430000	1569,34	1491,82	795,38
435000	1569,34	1491,82	795,38
440000	1569,34	1491,82	795,38
445000	1569,34	1487,46	795,38
450000	1569,34	1487,46	795,38
455000	1569,34	1487,46	795,38
460000	1569,34	1487,46	795,38
465000	1567,10	1486,20	795,38
470000	1567,10	1486,20	795,38
475000	1567,10	1486,20	795,38
480000	1567,10	1483,93	795,38
485000	1567,10	1483,93	795,38
490000	1567,10	1483,93	795,38
495000	1567,10	1483,93	795,38
500000	1567,10	1483,93	795,38
505000	1567,10	1483,93	795,38
510000	1567,10	1483,93	795,38
515000	1567,10	1483,93	793,88
520000	1567,10	1483,93	793,88
525000	1566,39	1483,93	789,75
530000	1566,39	1480,71	789,75
535000	1566,39	1480,71	789,75
540000	1566,39	1478,18	789,75
545000	1566,39	1478,18	789,75
550000	1566,39	1478,18	789,75
555000	1566,33	1478,18	789,75
560000	1566,33	1478,18	789,75
565000	1565,36	1478,18	789,75
570000	1565,36	1478,18	789,75
575000	1565,36	1478,18	789,75
580000	1565,29	1478,18	789,75
585000	1565,29	1478,18	789,75
590000	1565,29	1478,18	789,75
595000	1564,39	1478,18	789,75
600000	1564,39	1478,18	789,75
605000	1564,39	1478,18	789,75
610000	1564,39	1478,18	789,75
615000	1564,39	1478,18	789,75
620000	1564,39	1478,18	789,75
625000	1563,35	1478,18	789,75
630000	1563,35	1478,18	789,75
635000	1563,35	1478,18	789,75
640000	1563,35	1478,18	789,75
645000	1563,35	1478,18	789,75
650000	1563,35	1478,18	789,75
655000	1562,57	1477,89	789,75
660000	1562,57	1476,65	789,75
665000	1562,57	1476,65	789,75
670000	1562,57	1476,65	789,75
675000	1562,57	1476,65	789,75
680000	1555,64	1476,65	783,15
685000	1555,64	1476,65	783,15
690000	1555,64	1476,65	783,15
695000	1555,64	1476,65	783,15
700000	1555,64	1476,65	783,15
705000	1555,64	1476,65	783,15
710000	1553,63	1476,65	783,15
715000	1553,63	1476,65	783,15
720000	1553,63	1476,65	783,15
725000	1549,62	1476,65	783,15
730000	1549,62	1476,65	783,15
735000	1549,62	1476,65	783,15
740000	1548,52	1476,65	783,15
745000	1548,52	1474,82	783,15
750000	1548,52	1474,82	783,15
755000	1548,52	1474,82	783,15
760000	1548,52	1474,82	783,15
765000	1548,52	1474,82	783,15
770000	1548,52	1474,82	783,15
775000	1548,52	1474,82	783,15
780000	1548,52	1474,82	783,15
785000	1548,52	1474,82	783,15
790000	1535,51	1473,61	775,43
795000	1533,50	1473,61	775,43
800000	1533,50	1468,96	775,43
805000	1533,50	1468,96	775,43
810000	1533,50	1449,57	775,43
815000	1533,50	1449,28	775,43
820000	1533,50	1448,23	775,43
825000	1533,50	1448,23	775,43
830000	1533,50	1446,62	775,43
835000	1533,50	1446,62	775,43
840000	1533,50	1446,62	775,43
845000	1533,50	1446,62	775,43
850000	1533,50	1446,62	775,43
855000	1533,50	1446,62	775,43
860000	1533,50	1446,62	775,43
865000	1533,50	1446,62	775,43
870000	1533,50	1446,62	775,43
875000	1533,50	1446,62	775,43
880000	1533,50	1446,62	775,43
885000	1533,50	1446,62	775,43
890000	1533,50	1446,62	775,43
895000	1533,50	1446,62	775,43
900000	1533,50	1446,62	775,43
905000	1533,50	1446,62	775,43
910000	1533,50	1446,62	775,43
915000	1533,50	1444,01	775,43
920000	1533,50	1444,01	775,43
925000	1533,50	1444,01	775,43
930000	1533,50	1444,01	775,43
935000	1533,50	1444,01	775,43
940000	1533,50	1444,01	775,43
945000	1533,50	1444,01	775,43
950000	1531,26	1444,01	773,70
955000	1531,26	1444,01	773,70
960000	1531,26	1444,01	773,70
965000	1531,26	1444,01	773,70
970000	1531,26	1444,01	773,70
975000	1531,26	1444,01	773,70
980000	1531,26	1444,01	773,70
985000	1531,26	1444,01	773,70
990000	1531,26	1444,01	773,70
995000	1531,26	1444,01	773,70
1000000	1531,26	1444,01	773,70
1005000	1531,26	1444,01	773,70
1010000	1531,26	1444,01	773,70
1015000	1531,26	1444,01	773,70
1020000	1531,26	1444,01	773,70
1025000	1531,26	1444,01	773,70
1030000	1531,26	1444,01	773,70
1035000	1531,26	1444,01	773,70
1040000	1531,26	1444,01	773,70
1045000	1531,26	1444,01	773,70
1050000	1531,26	1444,01	773,70
1055000	1531,26	1442,80	773,70
1060000	1531,26	1442,80	773,70
1065000	1531,26	1442,80	773,70
1070000	1531,26	1442,80	773,70
1075000	1524,65	1442,73	772,20
1080000	1524,65	1442,73	772,20
1085000	1524,65	1442,73	772,20
1090000	1524,65	1442,73	772,20
1095000	1524,65	1442,73	772,20
1100000	1520,90	1441,52	772,20
1105000	1520,90	1441,52	772,20
1110000	1520,90	1441,52	772,20
1115000	1520,90	1441,11	772,20
1120000	1520,90	1441,11	772,20
1125000	1520,90	1441,11	772,20
1130000	1520,90	1441,11	772,20
1135000	1520,90	1441,11	770,18
1140000	1520,90	1441,11	770,18
1145000	1520,90	1441,11	770,18
1150000	1520,90	1441,09	770,18
1155000	1520,90	1441,09	770,18
1160000	1520,90	1441,09	770,18
1165000	1520,90	1441,09	770,18
1170000	1520,90	1441,09	770,18
1175000	1520,90	1441,09	770,18
1180000	1520,90	1441,09	770,18
1185000	1520,90	1441,09	770,18
1190000	1520,34	1441,09	770,18
1195000	1520,34	1441,09	770,18
1200000	1520,34	1441,09	770,18
1205000	1520,34	1441,09	770,18
1210000	1520,34	1441,09	770,18
1215000	1520,34	1441,09	770,18
1220000	1520,34	1440,14	770,18
1225000	1520,34	1440,14	770,18
1230000	1520,34	1440,14	770,18
1235000	1520,34	1440,14	770,18
1240000	1520,34	1440,14	770,18
1245000	1520,34	1440,14	770,18
1250000	1520,34	1440,14	770,18
1255000	1520,34	1440,14	770,18
1260000	1520,34	1440,14	770,18
1265000	1520,34	1440,14	770,18
1270000	1520,34	1440,14	770,18
1275000	1520,34	1440,14	770,18
1280000	1520,34	1440,14	770,18
1285000	1520,34	1440,14	770,18
1290000	1520,34	1440,01	770,18
1295000	1520,34	1440,01	770,18
1300000	1520,34	1440,01	770,18
1305000	1520,34	1440,01	770,18
1310000	1518,16	1440,01	770,18
1315000	1518,16	1440,01	770,18
1320000	1518,16	1440,01	770,18
1325000	1518,16	1440,01	770,18
1330000	1518,16	1440,01	770,18
1335000	1518,16	1440,01	770,18
1340000	1518,16	1439,61	770,18
1345000	1518,16	1439,61	770,18
1350000	1518,16	1439,61	770,18
1355000	1518,16	1439,61	770,18
1360000	1518,16	1439,61	770,18
1365000	1518,16	1439,61	770,18
1370000	1518,16	1439,61	770,18
1375000	1518,16	1439,61	770,18
1380000	1518,16	1439,61	770,18
1385000	1518,16	1439,61	770,18
1390000	1518,16	1439,61	770,18
1395000	1518,16	1439,61	770,18
1400000	1514,41	1439,61	769,80
1405000	1514,41	1439,61	769,80
1410000	1514,41	1439,54	769,80
1415000	1514,41	1439,54	769,80
1420000	1514,41	1438,16	769,80
1425000	1514,41	1438,16	769,80
1430000	1514,41	1438,16	769,80
1435000	1514,41	1438,16	769,80
1440000	1514,41	1438,16	769,80
1445000	1514,41	1438,16	769,80
1450000	1514,41	1438,16	768,08
1455000	1514,41	1438,16	768,08
1460000	1514,41	1438,09	768,08
1465000	1514,41	1435,25	768,08
1470000	1514,41	1435,25	768,08
1475000	1514,41	1435,25	768,08
1480000	1514,41	1435,25	768,08
1485000	1514,41	1435,25	768,08
1490000	1514,41	1435,25	768,08
1495000	1514,41	1435,25	768,08
1500000	1514,41	1435,25	768,08
1505000	1514,41	1435,25	768,08
1510000	1514,41	1435,25	768,08
1515000	1514,41	1435,25	768,08
1520000	1514,41	1435,25	768,08
1525000	1514,41	1435,25	768,08
1530000	1514,41	1435,25	768,08
1535000	1514,41	1435,25	768,08
1540000	1514,41	1435,25	768,08
1545000	1514,41	1435,25	768,08
1550000	1514,41	1435,25	768,08
1555000	1514,41	1435,25	768,08
1560000	1514,41	1435,25	768,08
1565000	1514,41	1435,25	768,08
1570000	1514,41	1435,25	768,08
1575000	1514,41	1435,25	768,08
1580000	1514,41	1433,57	768,08
1585000	1514,41	1433,57	768,08
1590000	1514,41	1433,57	768,08
1595000	1514,41	1433,57	768,08
1600000	1514,41	1433,57	768,08
1605000	1514,41	1433,57	768,08
1610000	1514,41	1433,57	768,08
1615000	1514,41	1433,57	768,08
1620000	1514,41	1431,16	768,08
1625000	1514,41	1431,16	768,08
1630000	1514,41	1431,16	768,08
1635000	1514,41	1431,16	768,08
1640000	1514,41	1431,16	768,08
1645000	1514,41	1431,16	768,08
1650000	1514,41	1431,16	768,08
1655000	1514,41	1431,16	768,08
1660000	1514,41	1430,09	768,08
1665000	1514,41	1430,09	768,08
1670000	1514,41	1430,09	768,08
1675000	1514,41	1430,09	768,08
1680000	1514,41	1430,09	768,08
1685000	1514,41	1430,09	768,08
1690000	1514,41	1430,09	768,08
1695000	1514,41	1430,09	768,08
1700000	1514,41	1430,09	768,08
1705000	1514,41	1430,09	768,08
1710000	1514,41	1430,09	768,08
1715000	1514,41	1430,09	768,08
1720000	1514,41	1430,09	768,08
1725000	1514,41	1430,09	768,08
1730000	1514,41	1430,09	768,08
1735000	1514,41	1430,09	768,08
1740000	1514,41	1429,64	768,08
1745000	1514,41	1429,64	768,08
1750000	1514,41	1429,64	768,08
1755000	1514,41	1428,52	768,08
1760000	1514,41	1424,20	768,08
1765000	1514,41	1424,20	768,08
1770000	1514,41	1424,20	768,08
1775000	1514,41	1424,20	768,08
1780000	1514,41	1424,20	768,08
1785000	1514,41	1424,20	768,08

=== MELHOR SOLUCAO (Fitness Ponderado Minimo) ===
Fitness Ponderado: 3732,930844
Distancia: 1521,65
Tempo: 1437,65
Combustivel: 769,88

Veiculo 0: 9 clientes, demanda: 147/200, rota: [33, 65, 71, 51, 50, 68, 80, 12, 26]
Veiculo 1: 10 clientes, demanda: 166/200, rota: [48, 47, 36, 19, 8, 82, 7, 52, 89, 94]
Veiculo 2: 8 clientes, demanda: 94/200, rota: [1, 69, 62, 11, 90, 10, 32, 70]
Veiculo 3: 10 clientes, demanda: 189/200, rota: [39, 72, 73, 40, 53, 95, 97, 59, 13, 58]
Veiculo 4: 11 clientes, demanda: 190/200, rota: [92, 37, 14, 44, 38, 86, 91, 85, 100, 98, 93]
Veiculo 5: 8 clientes, demanda: 93/200, rota: [31, 63, 64, 49, 46, 17, 60, 83]
Veiculo 6: 7 clientes, demanda: 92/200, rota: [45, 16, 61, 43, 74, 75, 21]
Veiculo 7: 5 clientes, demanda: 38/200, rota: [42, 15, 41, 22, 55]
Veiculo 8: 8 clientes, demanda: 107/200, rota: [27, 28, 76, 79, 78, 34, 35, 77]
Veiculo 9: 6 clientes, demanda: 103/200, rota: [23, 67, 56, 4, 54, 25]
Veiculo 10: 3 clientes, demanda: 38/200, rota: [5, 99, 6]
Veiculo 11: 5 clientes, demanda: 67/200, rota: [29, 9, 81, 3, 24]
Veiculo 12: 4 clientes, demanda: 64/200, rota: [88, 30, 66, 20]
Veiculo 13: 3 clientes, demanda: 30/200, rota: [18, 84, 96]
Veiculo 14: 3 clientes, demanda: 40/200, rota: [2, 57, 87]
