# VRP NSGA-III - Frente de Pareto
# Tempo: 477606 ms | Tamanho: 38
# Formato: Distancia Tempo Combustivel FitnessPonderado

1528,782111 1454,205713 769,200000 3755,937824
1528,069994 1449,403016 773,775000 3754,998009
1547,489647 1444,959618 777,225000 3773,424265
1524,247563 1458,746799 771,075000 3757,819362
1525,685045 1454,366476 768,000000 3751,801521
1527,822787 1454,055827 771,825000 3757,453614
1543,927135 1436,819121 782,850000 3767,346256
1580,809739 1427,088911 797,925000 3809,573650
1521,992775 1462,482826 766,275000 3754,500601
1530,612157 1448,974423 774,975000 3758,311580
1547,877394 1439,255881 782,100000 3772,983275
1537,062227 1447,939217 781,050000 3769,801444
1526,584087 1451,417838 777,975000 3759,726925
1525,280623 1454,484420 770,625000 3754,140043
1524,103400 1461,696302 768,450000 3757,999702
1544,392580 1445,120382 776,025000 3769,287962
1519,834663 1464,574280 768,000000 3756,158943
1551,393659 1430,982956 787,050000 3773,176615
1522,336914 1459,266359 776,250000 3761,603273
1548,305680 1433,673313 784,200000 3769,928994
1543,988159 1445,238325 779,250000 3772,226484
1528,474415 1449,285072 771,150000 3752,659487
1568,633747 1429,478663 793,425000 3795,287409
1581,312218 1424,373811 802,950000 3812,386029
1537,376790 1446,228282 778,350000 3765,705071
1544,297498 1442,653882 782,175000 3772,876380
1578,267576 1427,517504 796,725000 3806,260080
1530,297921 1448,272031 777,975000 3760,294952
1576,267738 1428,433161 799,575000 3808,025899
1579,385049 1426,376566 798,600000 3808,111615
1539,918953 1445,799689 779,550000 3769,018642
1565,633300 1430,345417 792,900000 3792,628717
1541,090624 1443,082474 779,625000 3767,548098
1554,134463 1431,240263 783,000000 3752,994386
1547,181951 1440,038977 779,175000 3770,145928
1576,826338 1427,225315 799,575000 3807,376653
1544,187690 1442,921711 780,825000 3771,684401
1571,175910 1429,050070 794,625000 3798,600980
