# VRP NSGA-III - Frente de Pareto
# Tempo: 494007 ms | Tamanho: 9
# Formato: Distancia Tempo Combustivel FitnessPonderado

1532,678420 1451,802900 776,025000 3759,784184
1536,925593 1443,954379 777,750000 3757,907837
1552,314562 1423,037633 791,925000 3763,427640
1549,634755 1427,302622 787,575000 3760,662822
1552,176919 1426,874029 788,775000 3763,976392
1539,467757 1443,525787 778,950000 3761,221407
1553,739253 1423,749978 791,400000 3765,039675
1536,733446 1450,572916 780,375000 3766,959226
1554,856726 1422,609040 793,125000 3766,741211
