# VRP NSGA-III - Frente de Pareto
# Tempo: 487291 ms | Tamanho: 37
# Formato: Distancia Tempo Combustivel FitnessPonderado

1538,650080 1491,436941 772,125000 3806,212021
1575,544667 1461,596619 797,250000 3832,116286
1534,176036 1493,391899 769,575000 3801,142935
1525,859012 1501,323583 763,650000 3794,832595
1547,940339 1487,753338 782,775000 3816,193677
1522,012724 1506,944179 762,675000 3795,631903
1537,889871 1490,246091 774,825000 3806,960962
1559,962202 1472,664044 787,725000 3818,076245
1604,965953 1455,739365 809,250000 3846,870541
1531,044757 1498,192198 765,225000 3798,461955
1530,208385 1499,100796 767,550000 3800,859181
1535,183187 1495,473827 768,600000 3803,257014
1525,618357 1501,203255 764,625000 3795,446612
1522,487078 1506,003554 760,275000 3792,765632
1559,039322 1478,392339 787,200000 3822,356661
1530,237558 1498,177775 771,900000 3804,315333
1550,481643 1486,203695 782,250000 3816,660338
1529,996902 1498,057448 772,875000 3804,929350
1550,178788 1489,086374 776,625000 3819,890162
1538,525409 1491,169112 773,475000 3807,169521
1547,002994 1489,763491 775,575000 3816,341485
1534,416692 1493,512227 768,600000 3800,528918
1562,503506 1471,114401 787,200000 3818,542907
1603,289063 1458,483536 813,300000 3853,402037
1531,811252 1500,153798 765,225000 3801,190050
1529,967730 1498,980468 768,525000 3801,473198
1538,766065 1491,289439 772,500000 3806,555504
1539,956365 1491,289439 771,150000 3806,395805
1578,085971 1460,046977 796,725000 3832,582948
1553,945826 1478,925757 782,250000 3812,846584
1531,427858 1498,177775 770,550000 3804,155634
1552,884621 1484,821821 784,125000 3819,556442
1531,187203 1498,057448 771,525000 3804,769651
1538,890736 1491,557268 771,150000 3805,598004
1539,080171 1490,246091 773,475000 3806,801263
1556,124661 1485,693372 780,975000 3826,793033
1529,887094 1498,325277 769,875000 3802,087371
