# VRP NSGA-III - Frente de Pareto
# Tempo: 473903 ms | Tamanho: 9
# Formato: Distancia Tempo Combustivel FitnessPonderado

1546,884635 1454,583997 778,200000 3783,418632
1534,070443 1471,671244 772,125000 3781,616687
1540,859779 1463,394131 775,050000 3783,053910
1537,159924 1471,246724 776,025000 3788,181648
1549,426798 1454,155404 779,400000 3786,732202
1538,317615 1463,822724 773,850000 3779,740339
1546,337317 1462,380569 778,950000 3791,417885
1575,539500 1453,165388 790,500000 3822,954888
1543,105797 1462,666685 780,375000 3789,897481
