# VRP NSGA-III - Frente de Pareto
# Tempo: 492033 ms | Tamanho: 19
# Formato: Distancia Tempo Combustivel FitnessPonderado

1515,114758 1455,126285 768,075000 3742,066044
1519,225840 1447,209719 773,250000 3743,435559
1514,651566 1478,925178 771,525000 3768,851744
1515,222637 1452,850393 771,525000 3743,348030
1532,699861 1436,996470 774,825000 3748,271331
1539,197964 1428,524142 780,675000 3752,147106
1554,796705 1421,375533 788,400000 3768,322239
1548,907717 1425,932768 788,925000 3767,515485
1521,651521 1437,654324 769,875000 3732,930844
1519,469809 1445,001873 773,250000 3741,471682
1519,605901 1445,069919 769,800000 3738,225819
1537,264744 1433,209014 777,525000 3751,748758
1514,978667 1455,058240 771,525000 3745,311907
1515,358728 1452,918439 768,075000 3740,102167
1552,587274 1424,196700 788,400000 3768,933974
1550,931810 1424,196700 788,400000 3767,278510
1519,361931 1447,277765 769,800000 3740,189696
1514,407596 1481,133025 771,525000 3770,815621
1547,925752 1427,788642 784,050000 3763,514393
