# VRP NSGA-III - Frente de Pareto
# Tempo: 484579 ms | Tamanho: 22
# Formato: Distancia Tempo Combustivel FitnessPonderado

1504,080176 1454,749735 761,775000 3724,354911
1515,565851 1446,174390 772,125000 3737,615241
1519,960695 1445,233765 769,500000 3738,444460
1519,813024 1438,325869 773,850000 3735,738893
1508,327349 1446,901214 763,500000 3722,478563
1507,852995 1447,841839 765,900000 3725,344834
1510,869512 1446,472622 764,700000 3725,792134
1516,040205 1445,233765 769,725000 3734,748970
1504,105340 1454,311157 762,825000 3724,991497
1499,858167 1462,159678 761,100000 3726,867845
1504,579694 1453,370533 760,425000 3722,125227
1503,605822 1455,690359 764,175000 3727,221181
1507,121857 1452,941940 761,625000 3725,438797
1526,750031 1436,956652 772,425000 3739,881684
1529,232758 1429,467410 774,000000 3736,450168
1500,332521 1461,219053 758,700000 3724,001574
1524,985585 1437,315931 772,275000 3738,326516
1531,774921 1429,038818 775,200000 3739,763739
1520,287378 1437,385245 771,450000 3732,872622
1524,207868 1437,385245 771,225000 3736,568113
1528,758404 1430,408035 776,400000 3739,316439
1522,829541 1436,956652 772,650000 3736,186193
