# VRP NSGA-III - Frente de Pareto
# Tempo: 475816 ms | Tamanho: 38
# Formato: Distancia Tempo Combustivel FitnessPonderado

1544,811147 1430,031829 781,800000 3760,392976
1523,504567 1449,523188 773,175000 3749,952754
1520,081292 1461,242328 770,100000 3755,173619
1525,912318 1448,420916 776,850000 3754,933234
1519,455602 1477,460636 767,325000 3767,991238
1522,870471 1456,326716 771,750000 3754,697187
1530,540919 1436,759055 776,550000 3747,599974
1533,083082 1436,330463 777,750000 3750,913545
1513,416340 1471,621887 769,350000 3758,138226
1527,117644 1448,478195 773,475000 3752,820839
1518,754279 1463,773366 770,100000 3756,377646
1514,743352 1469,090848 769,350000 3756,934200
1526,386672 1447,480291 774,450000 3752,066963
1514,003205 1474,118910 768,375000 3760,247115
1519,350320 1460,244423 771,075000 3754,419743
1526,120410 1454,814745 772,350000 3757,035156
1518,250378 1466,270389 770,100000 3758,370767
1515,834119 1469,090848 768,375000 3757,049967
1526,046730 1449,094595 774,375000 3753,266325
1519,257394 1457,371708 771,450000 3751,829102
1518,875966 1461,185048 773,475000 3757,286014
1511,428012 1470,951398 771,075000 3757,204410
1526,293746 1444,607576 774,825000 3749,476322
1520,472934 1449,457463 774,450000 3748,130397
1537,403936 1434,202093 777,450000 3752,806028
1514,507106 1471,621887 768,375000 3758,253993
1529,450152 1442,646093 777,825000 3753,671245
1518,990525 1461,242328 771,075000 3755,057853
1533,156763 1442,050613 775,725000 3754,682376
1521,779705 1456,326716 772,725000 3754,581420
1513,436582 1462,221595 771,075000 3750,483177
1527,344164 1454,112886 772,950000 3758,157051
1515,103147 1468,092944 769,350000 3756,296091
1514,870421 1470,469755 768,375000 3757,465177
1539,946099 1433,773500 778,650000 3756,119599
1513,779655 1470,469755 769,350000 3757,349410
1526,026877 1448,478195 774,450000 3752,705073
1512,912438 1474,118910 769,350000 3760,131348
