# VRP NSGA-III - Frente de Pareto
# Tempo: 478242 ms | Tamanho: 15
# Formato: Distancia Tempo Combustivel FitnessPonderado

1535,870322 1455,756348 777,300000 3772,676670
1544,839181 1439,140607 783,375000 3771,104787
1541,630424 1448,168741 780,300000 3773,849164
1559,074206 1430,820144 784,575000 3778,219350
1541,312898 1451,183209 780,150000 3776,396106
1540,592008 1446,989127 781,650000 3772,981135
1539,842288 1455,555051 781,650000 3780,797340
1540,274482 1450,003595 781,500000 3775,528077
1560,577953 1429,211938 787,125000 3780,664891
1543,399086 1449,548623 780,225000 3776,922709
1558,035790 1429,640531 785,925000 3777,351321
1561,616369 1430,391552 785,775000 3781,532921
1545,705770 1438,509753 779,550000 3767,515523
1553,788617 1437,489051 784,200000 3779,227668
1549,754291 1437,758733 786,525000 3777,788024
