Subpopulacao\Geracao	gFinal
NSGA3_DistanciaMin	1116,44
NSGA3_TempoMin	5253,81
NSGA3_CombustivelMin	560,62
NSGA3_DistanciaMedia	1125,87
NSGA3_TempoMedio	5257,05
NSGA3_CombustivelMedio	565,53
NSGA3_FitnessPonderadoMin	6894,59
NSGA3_FitnessPonderadoMedio	6910,52
NSGA3_TamanhoFrente	3
TempoExecucao(ms)	478392
Parametros	Pop=600; Geracoes=3000; Pc=1,00; Pm=0,01

=== DIAGNOSTICO ===
Solucoes criadas: 596
Total avaliacoes: 1788596
Solucoes unicas: 31702

=== HISTORICO DE EVOLUCAO ===
Eval	BestDist	BestTime	BestFuel
5000	1589,68	5779,95	803,70
10000	1554,41	5719,66	787,50
15000	1515,34	5668,25	766,65
20000	1487,76	5648,50	754,05
25000	1452,39	5611,33	734,03
30000	1452,39	5609,39	734,03
35000	1445,99	5586,91	730,95
40000	1444,82	5579,37	727,65
45000	1443,64	5579,37	726,60
50000	1440,40	5578,39	726,60
55000	1438,04	5568,93	726,45
60000	1404,78	5568,93	710,25
65000	1404,78	5553,11	710,25
70000	1402,79	5548,48	710,25
75000	1400,41	5542,75	709,20
80000	1398,43	5541,48	709,20
85000	1381,08	5506,85	701,55
90000	1375,99	5506,85	695,47
95000	1374,80	5491,03	694,43
100000	1306,44	5491,03	663,08
105000	1306,44	5482,59	663,08
110000	1301,54	5482,59	658,73
115000	1299,26	5478,75	658,13
120000	1293,66	5478,44	657,53
125000	1292,49	5476,20	656,93
130000	1270,14	5467,68	644,25
135000	1270,14	5467,68	644,25
140000	1257,01	5467,00	639,08
145000	1257,01	5451,86	639,08
150000	1257,01	5451,86	639,08
155000	1239,49	5450,88	629,85
160000	1231,29	5450,88	624,45
165000	1231,29	5447,96	624,45
170000	1223,13	5447,96	622,05
175000	1219,17	5447,96	618,68
180000	1219,17	5447,96	618,30
185000	1215,35	5447,44	618,30
190000	1215,35	5447,44	617,10
195000	1199,84	5437,55	607,87
200000	1199,84	5437,55	607,87
205000	1195,48	5410,98	606,82
210000	1194,95	5408,77	606,82
215000	1194,95	5368,96	606,82
220000	1194,95	5365,53	606,82
225000	1164,81	5365,53	590,10
230000	1164,81	5334,45	590,10
235000	1164,81	5327,63	589,35
240000	1164,81	5327,63	589,35
245000	1164,81	5326,66	589,35
250000	1164,81	5310,78	586,80
255000	1164,81	5310,78	586,80
260000	1164,81	5310,78	586,80
265000	1164,81	5310,78	586,80
270000	1160,33	5307,66	586,80
275000	1160,33	5307,66	583,65
280000	1160,33	5307,66	583,65
285000	1156,36	5307,66	579,30
290000	1142,45	5303,89	575,10
295000	1142,45	5303,28	575,10
300000	1139,13	5301,65	571,95
305000	1136,10	5301,65	571,95
310000	1135,83	5301,65	571,95
315000	1129,54	5301,65	571,50
320000	1128,48	5300,46	571,50
325000	1126,28	5300,46	571,28
330000	1126,28	5300,46	571,28
335000	1126,28	5300,46	571,28
340000	1126,28	5300,46	570,97
345000	1126,28	5300,46	570,45
350000	1126,28	5300,19	570,45
355000	1126,28	5300,19	570,45
360000	1126,28	5293,96	567,60
365000	1126,28	5293,96	567,60
370000	1123,89	5293,96	567,60
375000	1123,89	5293,96	567,60
380000	1123,89	5293,96	567,60
385000	1123,89	5293,61	567,60
390000	1123,89	5293,61	567,60
395000	1123,89	5285,44	567,60
400000	1122,08	5285,44	564,45
405000	1122,08	5259,85	564,45
410000	1119,69	5259,85	562,95
415000	1119,69	5259,85	562,95
420000	1119,69	5259,85	562,95
425000	1118,18	5259,85	561,60
430000	1118,18	5257,60	561,60
435000	1118,18	5257,60	561,60
440000	1118,18	5257,60	561,60
445000	1118,18	5257,60	561,60
450000	1118,18	5257,60	561,60
455000	1118,18	5257,60	561,60
460000	1118,18	5257,60	561,60
465000	1118,18	5255,50	561,60
470000	1118,18	5255,50	561,60
475000	1118,18	5255,50	561,60
480000	1118,18	5255,50	561,60
485000	1116,44	5255,50	560,62
490000	1116,44	5255,50	560,62
495000	1116,44	5253,81	560,62
500000	1116,44	5253,81	560,62
505000	1116,44	5253,81	560,62
510000	1116,44	5253,81	560,62
515000	1116,44	5253,81	560,62
520000	1116,44	5253,81	560,62
525000	1116,44	5253,81	560,62
530000	1116,44	5253,81	560,62
535000	1116,44	5253,81	560,62
540000	1116,44	5253,81	560,62
545000	1116,44	5253,81	560,62
550000	1116,44	5253,81	560,62
555000	1116,44	5253,81	560,62
560000	1116,44	5253,81	560,62
565000	1116,44	5253,81	560,62
570000	1116,44	5253,81	560,62
575000	1116,44	5253,81	560,62
580000	1116,44	5253,81	560,62
585000	1116,44	5253,81	560,62
590000	1116,44	5253,81	560,62
595000	1116,44	5253,81	560,62
600000	1116,44	5253,81	560,62
605000	1116,44	5253,81	560,62
610000	1116,44	5253,81	560,62
615000	1116,44	5253,81	560,62
620000	1116,44	5253,81	560,62
625000	1116,44	5253,81	560,62
630000	1116,44	5253,81	560,62
635000	1116,44	5253,81	560,62
640000	1116,44	5253,81	560,62
645000	1116,44	5253,81	560,62
650000	1116,44	5253,81	560,62
655000	1116,44	5253,81	560,62
660000	1116,44	5253,81	560,62
665000	1116,44	5253,81	560,62
670000	1116,44	5253,81	560,62
675000	1116,44	5253,81	560,62
680000	1116,44	5253,81	560,62
685000	1116,44	5253,81	560,62
690000	1116,44	5253,81	560,62
695000	1116,44	5253,81	560,62
700000	1116,44	5253,81	560,62
705000	1116,44	5253,81	560,62
710000	1116,44	5253,81	560,62
715000	1116,44	5253,81	560,62
720000	1116,44	5253,81	560,62
725000	1116,44	5253,81	560,62
730000	1116,44	5253,81	560,62
735000	1116,44	5253,81	560,62
740000	1116,44	5253,81	560,62
745000	1116,44	5253,81	560,62
750000	1116,44	5253,81	560,62
755000	1116,44	5253,81	560,62
760000	1116,44	5253,81	560,62
765000	1116,44	5253,81	560,62
770000	1116,44	5253,81	560,62
775000	1116,44	5253,81	560,62
780000	1116,44	5253,81	560,62
785000	1116,44	5253,81	560,62
790000	1116,44	5253,81	560,62
795000	1116,44	5253,81	560,62
800000	1116,44	5253,81	560,62
805000	1116,44	5253,81	560,62
810000	1116,44	5253,81	560,62
815000	1116,44	5253,81	560,62
820000	1116,44	5253,81	560,62
825000	1116,44	5253,81	560,62
830000	1116,44	5253,81	560,62
835000	1116,44	5253,81	560,62
840000	1116,44	5253,81	560,62
845000	1116,44	5253,81	560,62
850000	1116,44	5253,81	560,62
855000	1116,44	5253,81	560,62
860000	1116,44	5253,81	560,62
865000	1116,44	5253,81	560,62
870000	1116,44	5253,81	560,62
875000	1116,44	5253,81	560,62
880000	1116,44	5253,81	560,62
885000	1116,44	5253,81	560,62
890000	1116,44	5253,81	560,62
895000	1116,44	5253,81	560,62
900000	1116,44	5253,81	560,62
905000	1116,44	5253,81	560,62
910000	1116,44	5253,81	560,62
915000	1116,44	5253,81	560,62
920000	1116,44	5253,81	560,62
925000	1116,44	5253,81	560,62
930000	1116,44	5253,81	560,62
935000	1116,44	5253,81	560,62
940000	1116,44	5253,81	560,62
945000	1116,44	5253,81	560,62
950000	1116,44	5253,81	560,62
955000	1116,44	5253,81	560,62
960000	1116,44	5253,81	560,62
965000	1116,44	5253,81	560,62
970000	1116,44	5253,81	560,62
975000	1116,44	5253,81	560,62
980000	1116,44	5253,81	560,62
985000	1116,44	5253,81	560,62
990000	1116,44	5253,81	560,62
995000	1116,44	5253,81	560,62
1000000	1116,44	5253,81	560,62
1005000	1116,44	5253,81	560,62
1010000	1116,44	5253,81	560,62
1015000	1116,44	5253,81	560,62
1020000	1116,44	5253,81	560,62
1025000	1116,44	5253,81	560,62
1030000	1116,44	5253,81	560,62
1035000	1116,44	5253,81	560,62
1040000	1116,44	5253,81	560,62
1045000	1116,44	5253,81	560,62
1050000	1116,44	5253,81	560,62
1055000	1116,44	5253,81	560,62
1060000	1116,44	5253,81	560,62
1065000	1116,44	5253,81	560,62
1070000	1116,44	5253,81	560,62
1075000	1116,44	5253,81	560,62
1080000	1116,44	5253,81	560,62
1085000	1116,44	5253,81	560,62
1090000	1116,44	5253,81	560,62
1095000	1116,44	5253,81	560,62
1100000	1116,44	5253,81	560,62
1105000	1116,44	5253,81	560,62
1110000	1116,44	5253,81	560,62
1115000	1116,44	5253,81	560,62
1120000	1116,44	5253,81	560,62
1125000	1116,44	5253,81	560,62
1130000	1116,44	5253,81	560,62
1135000	1116,44	5253,81	560,62
1140000	1116,44	5253,81	560,62
1145000	1116,44	5253,81	560,62
1150000	1116,44	5253,81	560,62
1155000	1116,44	5253,81	560,62
1160000	1116,44	5253,81	560,62
1165000	1116,44	5253,81	560,62
1170000	1116,44	5253,81	560,62
1175000	1116,44	5253,81	560,62
1180000	1116,44	5253,81	560,62
1185000	1116,44	5253,81	560,62
1190000	1116,44	5253,81	560,62
1195000	1116,44	5253,81	560,62
1200000	1116,44	5253,81	560,62
1205000	1116,44	5253,81	560,62
1210000	1116,44	5253,81	560,62
1215000	1116,44	5253,81	560,62
1220000	1116,44	5253,81	560,62
1225000	1116,44	5253,81	560,62
1230000	1116,44	5253,81	560,62
1235000	1116,44	5253,81	560,62
1240000	1116,44	5253,81	560,62
1245000	1116,44	5253,81	560,62
1250000	1116,44	5253,81	560,62
1255000	1116,44	5253,81	560,62
1260000	1116,44	5253,81	560,62
1265000	1116,44	5253,81	560,62
1270000	1116,44	5253,81	560,62
1275000	1116,44	5253,81	560,62
1280000	1116,44	5253,81	560,62
1285000	1116,44	5253,81	560,62
1290000	1116,44	5253,81	560,62
1295000	1116,44	5253,81	560,62
1300000	1116,44	5253,81	560,62
1305000	1116,44	5253,81	560,62
1310000	1116,44	5253,81	560,62
1315000	1116,44	5253,81	560,62
1320000	1116,44	5253,81	560,62
1325000	1116,44	5253,81	560,62
1330000	1116,44	5253,81	560,62
1335000	1116,44	5253,81	560,62
1340000	1116,44	5253,81	560,62
1345000	1116,44	5253,81	560,62
1350000	1116,44	5253,81	560,62
1355000	1116,44	5253,81	560,62
1360000	1116,44	5253,81	560,62
1365000	1116,44	5253,81	560,62
1370000	1116,44	5253,81	560,62
1375000	1116,44	5253,81	560,62
1380000	1116,44	5253,81	560,62
1385000	1116,44	5253,81	560,62
1390000	1116,44	5253,81	560,62
1395000	1116,44	5253,81	560,62
1400000	1116,44	5253,81	560,62
1405000	1116,44	5253,81	560,62
1410000	1116,44	5253,81	560,62
1415000	1116,44	5253,81	560,62
1420000	1116,44	5253,81	560,62
1425000	1116,44	5253,81	560,62
1430000	1116,44	5253,81	560,62
1435000	1116,44	5253,81	560,62
1440000	1116,44	5253,81	560,62
1445000	1116,44	5253,81	560,62
1450000	1116,44	5253,81	560,62
1455000	1116,44	5253,81	560,62
1460000	1116,44	5253,81	560,62
1465000	1116,44	5253,81	560,62
1470000	1116,44	5253,81	560,62
1475000	1116,44	5253,81	560,62
1480000	1116,44	5253,81	560,62
1485000	1116,44	5253,81	560,62
1490000	1116,44	5253,81	560,62
1495000	1116,44	5253,81	560,62
1500000	1116,44	5253,81	560,62
1505000	1116,44	5253,81	560,62
1510000	1116,44	5253,81	560,62
1515000	1116,44	5253,81	560,62
1520000	1116,44	5253,81	560,62
1525000	1116,44	5253,81	560,62
1530000	1116,44	5253,81	560,62
1535000	1116,44	5253,81	560,62
1540000	1116,44	5253,81	560,62
1545000	1116,44	5253,81	560,62
1550000	1116,44	5253,81	560,62
1555000	1116,44	5253,81	560,62
1560000	1116,44	5253,81	560,62
1565000	1116,44	5253,81	560,62
1570000	1116,44	5253,81	560,62
1575000	1116,44	5253,81	560,62
1580000	1116,44	5253,81	560,62
1585000	1116,44	5253,81	560,62
1590000	1116,44	5253,81	560,62
1595000	1116,44	5253,81	560,62
1600000	1116,44	5253,81	560,62
1605000	1116,44	5253,81	560,62
1610000	1116,44	5253,81	560,62
1615000	1116,44	5253,81	560,62
1620000	1116,44	5253,81	560,62
1625000	1116,44	5253,81	560,62
1630000	1116,44	5253,81	560,62
1635000	1116,44	5253,81	560,62
1640000	1116,44	5253,81	560,62
1645000	1116,44	5253,81	560,62
1650000	1116,44	5253,81	560,62
1655000	1116,44	5253,81	560,62
1660000	1116,44	5253,81	560,62
1665000	1116,44	5253,81	560,62
1670000	1116,44	5253,81	560,62
1675000	1116,44	5253,81	560,62
1680000	1116,44	5253,81	560,62
1685000	1116,44	5253,81	560,62
1690000	1116,44	5253,81	560,62
1695000	1116,44	5253,81	560,62
1700000	1116,44	5253,81	560,62
1705000	1116,44	5253,81	560,62
1710000	1116,44	5253,81	560,62
1715000	1116,44	5253,81	560,62
1720000	1116,44	5253,81	560,62
1725000	1116,44	5253,81	560,62
1730000	1116,44	5253,81	560,62
1735000	1116,44	5253,81	560,62
1740000	1116,44	5253,81	560,62
1745000	1116,44	5253,81	560,62
1750000	1116,44	5253,81	560,62
1755000	1116,44	5253,81	560,62
1760000	1116,44	5253,81	560,62
1765000	1116,44	5253,81	560,62
1770000	1116,44	5253,81	560,62
1775000	1116,44	5253,81	560,62
1780000	1116,44	5253,81	560,62
1785000	1116,44	5253,81	560,62

=== MELHOR SOLUCAO (Fitness Ponderado Minimo) ===
Fitness Ponderado: 6894,592610
Distancia: 1123,83
Tempo: 5255,91
Combustivel: 564,00

Veiculo 0: 8 clientes, demanda: 170/200, rota: [67, 65, 63, 62, 74, 72, 61, 64]
Veiculo 1: 11 clientes, demanda: 200/200, rota: [98, 96, 95, 94, 97, 100, 99, 4, 2, 1, 75]
Veiculo 2: 12 clientes, demanda: 150/200, rota: [42, 43, 41, 40, 44, 46, 45, 48, 51, 50, 49, 47]
Veiculo 3: 10 clientes, demanda: 160/200, rota: [81, 78, 76, 71, 70, 73, 77, 79, 80, 91]
Veiculo 4: 9 clientes, demanda: 140/200, rota: [13, 27, 29, 30, 28, 26, 23, 22, 21]
Veiculo 5: 10 clientes, demanda: 140/200, rota: [5, 3, 7, 8, 10, 11, 9, 6, 34, 52]
Veiculo 6: 10 clientes, demanda: 190/200, rota: [55, 54, 53, 56, 58, 60, 59, 68, 66, 69]
Veiculo 7: 9 clientes, demanda: 160/200, rota: [90, 87, 86, 83, 82, 84, 85, 88, 89]
Veiculo 8: 8 clientes, demanda: 180/200, rota: [32, 33, 31, 35, 37, 38, 39, 36]
Veiculo 9: 7 clientes, demanda: 160/200, rota: [17, 18, 19, 15, 16, 14, 12]
Veiculo 10: 3 clientes, demanda: 60/200, rota: [20, 24, 25]
Veiculo 11: 2 clientes, demanda: 60/200, rota: [92, 93]
Veiculo 12: 1 clientes, demanda: 40/200, rota: [57]
