Subpopulacao\Geracao	gFinal
NSGA3_DistanciaMin	1197,29
NSGA3_TempoMin	5380,44
NSGA3_CombustivelMin	603,08
NSGA3_DistanciaMedia	1203,62
NSGA3_TempoMedio	5400,71
NSGA3_CombustivelMedio	606,47
NSGA3_FitnessPonderadoMin	7158,39
NSGA3_FitnessPonderadoMedio	7189,73
NSGA3_TamanhoFrente	6
TempoExecucao(ms)	485736
Parametros	Pop=600; Geracoes=3000; Pc=1,00; Pm=0,01

=== DIAGNOSTICO ===
Solucoes criadas: 596
Total avaliacoes: 1788596
Solucoes unicas: 33907

=== HISTORICO DE EVOLUCAO ===
Eval	BestDist	BestTime	BestFuel
5000	1556,30	5768,35	786,90
10000	1546,96	5714,87	781,88
15000	1515,34	5668,85	766,65
20000	1487,76	5631,68	754,05
25000	1487,76	5627,56	754,05
30000	1452,39	5621,58	734,03
35000	1449,22	5608,97	733,57
40000	1443,64	5608,97	726,60
45000	1436,87	5604,30	725,40
50000	1436,87	5578,84	725,40
55000	1433,68	5562,31	725,40
60000	1433,68	5562,31	725,40
65000	1401,99	5537,41	712,20
70000	1401,99	5537,41	712,20
75000	1401,99	5536,19	712,20
80000	1398,80	5521,59	712,20
85000	1398,80	5520,37	712,20
90000	1390,64	5520,37	707,85
95000	1390,64	5520,37	707,85
100000	1390,64	5520,27	707,85
105000	1388,26	5519,46	707,85
110000	1388,26	5503,43	707,85
115000	1388,26	5503,43	704,70
120000	1386,91	5503,43	704,70
125000	1386,27	5503,43	704,70
130000	1386,27	5503,43	704,70
135000	1385,11	5501,85	704,70
140000	1372,66	5501,85	698,03
145000	1372,66	5501,85	698,03
150000	1372,66	5501,85	698,03
155000	1364,41	5479,91	696,68
160000	1364,41	5479,91	696,68
165000	1362,03	5470,23	693,53
170000	1362,03	5470,23	693,53
175000	1360,68	5461,13	693,53
180000	1360,68	5461,13	693,53
185000	1359,56	5461,13	693,53
190000	1350,11	5461,12	686,18
195000	1342,24	5455,67	681,07
200000	1324,30	5452,36	672,30
205000	1324,30	5439,86	672,30
210000	1316,90	5439,86	668,93
215000	1316,90	5439,86	668,93
220000	1316,90	5439,86	668,93
225000	1316,90	5439,85	668,93
230000	1257,14	5439,85	636,82
235000	1257,14	5439,85	636,82
240000	1257,14	5439,85	636,82
245000	1249,06	5428,62	633,82
250000	1249,06	5416,47	633,82
255000	1247,67	5416,47	633,82
260000	1247,53	5416,47	633,82
265000	1240,28	5416,47	630,45
270000	1240,28	5400,65	630,45
275000	1240,28	5400,65	630,45
280000	1240,28	5400,65	630,45
285000	1240,28	5400,65	630,45
290000	1240,28	5400,65	630,45
295000	1240,14	5400,65	630,45
300000	1240,14	5400,65	630,45
305000	1240,14	5400,65	630,45
310000	1240,14	5400,65	630,45
315000	1240,14	5400,65	630,45
320000	1240,14	5400,65	630,45
325000	1240,14	5400,65	630,45
330000	1240,14	5400,65	630,45
335000	1240,14	5400,65	630,45
340000	1240,14	5400,65	630,45
345000	1240,14	5400,65	630,45
350000	1240,14	5400,65	630,45
355000	1222,07	5400,65	613,95
360000	1222,07	5400,65	613,95
365000	1222,07	5400,65	613,95
370000	1222,07	5400,65	613,95
375000	1222,07	5400,65	613,95
380000	1222,07	5400,65	613,95
385000	1213,99	5398,01	610,95
390000	1206,59	5398,01	607,57
395000	1206,59	5386,97	607,57
400000	1206,59	5386,97	607,57
405000	1206,59	5386,97	607,57
410000	1202,84	5386,97	607,57
415000	1202,84	5386,97	607,57
420000	1202,84	5386,97	607,57
425000	1202,84	5386,97	607,57
430000	1202,84	5386,97	607,57
435000	1202,84	5386,97	607,57
440000	1202,84	5386,97	607,57
445000	1202,84	5386,97	606,00
450000	1199,61	5381,07	605,47
455000	1199,61	5381,07	605,47
460000	1199,61	5381,07	605,47
465000	1199,61	5381,07	605,47
470000	1199,61	5381,07	605,47
475000	1199,61	5381,07	603,60
480000	1199,61	5381,07	603,60
485000	1199,61	5381,07	603,60
490000	1197,29	5381,07	603,08
495000	1197,29	5380,44	603,08
500000	1197,29	5380,44	603,08
505000	1197,29	5380,44	603,08
510000	1197,29	5380,44	603,08
515000	1197,29	5380,44	603,08
520000	1197,29	5380,44	603,08
525000	1197,29	5380,44	603,08
530000	1197,29	5380,44	603,08
535000	1197,29	5380,44	603,08
540000	1197,29	5380,44	603,08
545000	1197,29	5380,44	603,08
550000	1197,29	5380,44	603,08
555000	1197,29	5380,44	603,08
560000	1197,29	5380,44	603,08
565000	1197,29	5380,44	603,08
570000	1197,29	5380,44	603,08
575000	1197,29	5380,44	603,08
580000	1197,29	5380,44	603,08
585000	1197,29	5380,44	603,08
590000	1197,29	5380,44	603,08
595000	1197,29	5380,44	603,08
600000	1197,29	5380,44	603,08
605000	1197,29	5380,44	603,08
610000	1197,29	5380,44	603,08
615000	1197,29	5380,44	603,08
620000	1197,29	5380,44	603,08
625000	1197,29	5380,44	603,08
630000	1197,29	5380,44	603,08
635000	1197,29	5380,44	603,08
640000	1197,29	5380,44	603,08
645000	1197,29	5380,44	603,08
650000	1197,29	5380,44	603,08
655000	1197,29	5380,44	603,08
660000	1197,29	5380,44	603,08
665000	1197,29	5380,44	603,08
670000	1197,29	5380,44	603,08
675000	1197,29	5380,44	603,08
680000	1197,29	5380,44	603,08
685000	1197,29	5380,44	603,08
690000	1197,29	5380,44	603,08
695000	1197,29	5380,44	603,08
700000	1197,29	5380,44	603,08
705000	1197,29	5380,44	603,08
710000	1197,29	5380,44	603,08
715000	1197,29	5380,44	603,08
720000	1197,29	5380,44	603,08
725000	1197,29	5380,44	603,08
730000	1197,29	5380,44	603,08
735000	1197,29	5380,44	603,08
740000	1197,29	5380,44	603,08
745000	1197,29	5380,44	603,08
750000	1197,29	5380,44	603,08
755000	1197,29	5380,44	603,08
760000	1197,29	5380,44	603,08
765000	1197,29	5380,44	603,08
770000	1197,29	5380,44	603,08
775000	1197,29	5380,44	603,08
780000	1197,29	5380,44	603,08
785000	1197,29	5380,44	603,08
790000	1197,29	5380,44	603,08
795000	1197,29	5380,44	603,08
800000	1197,29	5380,44	603,08
805000	1197,29	5380,44	603,08
810000	1197,29	5380,44	603,08
815000	1197,29	5380,44	603,08
820000	1197,29	5380,44	603,08
825000	1197,29	5380,44	603,08
830000	1197,29	5380,44	603,08
835000	1197,29	5380,44	603,08
840000	1197,29	5380,44	603,08
845000	1197,29	5380,44	603,08
850000	1197,29	5380,44	603,08
855000	1197,29	5380,44	603,08
860000	1197,29	5380,44	603,08
865000	1197,29	5380,44	603,08
870000	1197,29	5380,44	603,08
875000	1197,29	5380,44	603,08
880000	1197,29	5380,44	603,08
885000	1197,29	5380,44	603,08
890000	1197,29	5380,44	603,08
895000	1197,29	5380,44	603,08
900000	1197,29	5380,44	603,08
905000	1197,29	5380,44	603,08
910000	1197,29	5380,44	603,08
915000	1197,29	5380,44	603,08
920000	1197,29	5380,44	603,08
925000	1197,29	5380,44	603,08
930000	1197,29	5380,44	603,08
935000	1197,29	5380,44	603,08
940000	1197,29	5380,44	603,08
945000	1197,29	5380,44	603,08
950000	1197,29	5380,44	603,08
955000	1197,29	5380,44	603,08
960000	1197,29	5380,44	603,08
965000	1197,29	5380,44	603,08
970000	1197,29	5380,44	603,08
975000	1197,29	5380,44	603,08
980000	1197,29	5380,44	603,08
985000	1197,29	5380,44	603,08
990000	1197,29	5380,44	603,08
995000	1197,29	5380,44	603,08
1000000	1197,29	5380,44	603,08
1005000	1197,29	5380,44	603,08
1010000	1197,29	5380,44	603,08
1015000	1197,29	5380,44	603,08
1020000	1197,29	5380,44	603,08
1025000	1197,29	5380,44	603,08
1030000	1197,29	5380,44	603,08
1035000	1197,29	5380,44	603,08
1040000	1197,29	5380,44	603,08
1045000	1197,29	5380,44	603,08
1050000	1197,29	5380,44	603,08
1055000	1197,29	5380,44	603,08
1060000	1197,29	5380,44	603,08
1065000	1197,29	5380,44	603,08
1070000	1197,29	5380,44	603,08
1075000	1197,29	5380,44	603,08
1080000	1197,29	5380,44	603,08
1085000	1197,29	5380,44	603,08
1090000	1197,29	5380,44	603,08
1095000	1197,29	5380,44	603,08
1100000	1197,29	5380,44	603,08
1105000	1197,29	5380,44	603,08
1110000	1197,29	5380,44	603,08
1115000	1197,29	5380,44	603,08
1120000	1197,29	5380,44	603,08
1125000	1197,29	5380,44	603,08
1130000	1197,29	5380,44	603,08
1135000	1197,29	5380,44	603,08
1140000	1197,29	5380,44	603,08
1145000	1197,29	5380,44	603,08
1150000	1197,29	5380,44	603,08
1155000	1197,29	5380,44	603,08
1160000	1197,29	5380,44	603,08
1165000	1197,29	5380,44	603,08
1170000	1197,29	5380,44	603,08
1175000	1197,29	5380,44	603,08
1180000	1197,29	5380,44	603,08
1185000	1197,29	5380,44	603,08
1190000	1197,29	5380,44	603,08
1195000	1197,29	5380,44	603,08
1200000	1197,29	5380,44	603,08
1205000	1197,29	5380,44	603,08
1210000	1197,29	5380,44	603,08
1215000	1197,29	5380,44	603,08
1220000	1197,29	5380,44	603,08
1225000	1197,29	5380,44	603,08
1230000	1197,29	5380,44	603,08
1235000	1197,29	5380,44	603,08
1240000	1197,29	5380,44	603,08
1245000	1197,29	5380,44	603,08
1250000	1197,29	5380,44	603,08
1255000	1197,29	5380,44	603,08
1260000	1197,29	5380,44	603,08
1265000	1197,29	5380,44	603,08
1270000	1197,29	5380,44	603,08
1275000	1197,29	5380,44	603,08
1280000	1197,29	5380,44	603,08
1285000	1197,29	5380,44	603,08
1290000	1197,29	5380,44	603,08
1295000	1197,29	5380,44	603,08
1300000	1197,29	5380,44	603,08
1305000	1197,29	5380,44	603,08
1310000	1197,29	5380,44	603,08
1315000	1197,29	5380,44	603,08
1320000	1197,29	5380,44	603,08
1325000	1197,29	5380,44	603,08
1330000	1197,29	5380,44	603,08
1335000	1197,29	5380,44	603,08
1340000	1197,29	5380,44	603,08
1345000	1197,29	5380,44	603,08
1350000	1197,29	5380,44	603,08
1355000	1197,29	5380,44	603,08
1360000	1197,29	5380,44	603,08
1365000	1197,29	5380,44	603,08
1370000	1197,29	5380,44	603,08
1375000	1197,29	5380,44	603,08
1380000	1197,29	5380,44	603,08
1385000	1197,29	5380,44	603,08
1390000	1197,29	5380,44	603,08
1395000	1197,29	5380,44	603,08
1400000	1197,29	5380,44	603,08
1405000	1197,29	5380,44	603,08
1410000	1197,29	5380,44	603,08
1415000	1197,29	5380,44	603,08
1420000	1197,29	5380,44	603,08
1425000	1197,29	5380,44	603,08
1430000	1197,29	5380,44	603,08
1435000	1197,29	5380,44	603,08
1440000	1197,29	5380,44	603,08
1445000	1197,29	5380,44	603,08
1450000	1197,29	5380,44	603,08
1455000	1197,29	5380,44	603,08
1460000	1197,29	5380,44	603,08
1465000	1197,29	5380,44	603,08
1470000	1197,29	5380,44	603,08
1475000	1197,29	5380,44	603,08
1480000	1197,29	5380,44	603,08
1485000	1197,29	5380,44	603,08
1490000	1197,29	5380,44	603,08
1495000	1197,29	5380,44	603,08
1500000	1197,29	5380,44	603,08
1505000	1197,29	5380,44	603,08
1510000	1197,29	5380,44	603,08
1515000	1197,29	5380,44	603,08
1520000	1197,29	5380,44	603,08
1525000	1197,29	5380,44	603,08
1530000	1197,29	5380,44	603,08
1535000	1197,29	5380,44	603,08
1540000	1197,29	5380,44	603,08
1545000	1197,29	5380,44	603,08
1550000	1197,29	5380,44	603,08
1555000	1197,29	5380,44	603,08
1560000	1197,29	5380,44	603,08
1565000	1197,29	5380,44	603,08
1570000	1197,29	5380,44	603,08
1575000	1197,29	5380,44	603,08
1580000	1197,29	5380,44	603,08
1585000	1197,29	5380,44	603,08
1590000	1197,29	5380,44	603,08
1595000	1197,29	5380,44	603,08
1600000	1197,29	5380,44	603,08
1605000	1197,29	5380,44	603,08
1610000	1197,29	5380,44	603,08
1615000	1197,29	5380,44	603,08
1620000	1197,29	5380,44	603,08
1625000	1197,29	5380,44	603,08
1630000	1197,29	5380,44	603,08
1635000	1197,29	5380,44	603,08
1640000	1197,29	5380,44	603,08
1645000	1197,29	5380,44	603,08
1650000	1197,29	5380,44	603,08
1655000	1197,29	5380,44	603,08
1660000	1197,29	5380,44	603,08
1665000	1197,29	5380,44	603,08
1670000	1197,29	5380,44	603,08
1675000	1197,29	5380,44	603,08
1680000	1197,29	5380,44	603,08
1685000	1197,29	5380,44	603,08
1690000	1197,29	5380,44	603,08
1695000	1197,29	5380,44	603,08
1700000	1197,29	5380,44	603,08
1705000	1197,29	5380,44	603,08
1710000	1197,29	5380,44	603,08
1715000	1197,29	5380,44	603,08
1720000	1197,29	5380,44	603,08
1725000	1197,29	5380,44	603,08
1730000	1197,29	5380,44	603,08
1735000	1197,29	5380,44	603,08
1740000	1197,29	5380,44	603,08
1745000	1197,29	5380,44	603,08
1750000	1197,29	5380,44	603,08
1755000	1197,29	5380,44	603,08
1760000	1197,29	5380,44	603,08
1765000	1197,29	5380,44	603,08
1770000	1197,29	5380,44	603,08
1775000	1197,29	5380,44	603,08
1780000	1197,29	5380,44	603,08
1785000	1197,29	5380,44	603,08

=== MELHOR SOLUCAO (Fitness Ponderado Minimo) ===
Fitness Ponderado: 7158,389379
Distancia: 1205,75
Tempo: 5392,94
Combustivel: 608,85

Veiculo 0: 8 clientes, demanda: 170/200, rota: [67, 65, 63, 62, 74, 72, 61, 64]
Veiculo 1: 11 clientes, demanda: 200/200, rota: [98, 96, 95, 94, 97, 100, 99, 4, 2, 1, 75]
Veiculo 2: 12 clientes, demanda: 150/200, rota: [42, 43, 41, 40, 44, 46, 45, 48, 51, 50, 49, 47]
Veiculo 3: 11 clientes, demanda: 170/200, rota: [81, 78, 76, 71, 70, 73, 77, 79, 80, 66, 69]
Veiculo 4: 9 clientes, demanda: 200/200, rota: [32, 33, 25, 27, 28, 26, 23, 22, 21]
Veiculo 5: 10 clientes, demanda: 140/200, rota: [3, 5, 7, 8, 10, 11, 9, 6, 34, 52]
Veiculo 6: 8 clientes, demanda: 170/200, rota: [55, 54, 53, 56, 58, 60, 59, 68]
Veiculo 7: 10 clientes, demanda: 170/200, rota: [90, 87, 86, 83, 82, 84, 85, 88, 89, 91]
Veiculo 8: 8 clientes, demanda: 180/200, rota: [13, 17, 18, 19, 15, 38, 39, 36]
Veiculo 9: 7 clientes, demanda: 110/200, rota: [20, 24, 29, 30, 16, 14, 12]
Veiculo 10: 3 clientes, demanda: 50/200, rota: [31, 35, 37]
Veiculo 11: 2 clientes, demanda: 60/200, rota: [92, 93]
Veiculo 12: 1 clientes, demanda: 40/200, rota: [57]
