Subpopulacao\Geracao	gFinal
NSGA3_DistanciaMin	1257,21
NSGA3_TempoMin	5370,45
NSGA3_CombustivelMin	634,65
NSGA3_DistanciaMedia	1259,30
NSGA3_TempoMedio	5379,30
NSGA3_CombustivelMedio	634,65
NSGA3_FitnessPonderadoMin	7217,34
NSGA3_FitnessPonderadoMedio	7237,67
NSGA3_TamanhoFrente	4
TempoExecucao(ms)	482531
Parametros	Pop=600; Geracoes=3000; Pc=1,00; Pm=0,01

=== DIAGNOSTICO ===
Solucoes criadas: 596
Total avaliacoes: 1788596
Solucoes unicas: 31794

=== HISTORICO DE EVOLUCAO ===
Eval	BestDist	BestTime	BestFuel
5000	1613,17	5787,78	815,85
10000	1548,05	5701,03	786,75
15000	1522,19	5688,03	768,90
20000	1481,37	5668,21	750,97
25000	1481,37	5649,86	745,13
30000	1445,99	5612,38	730,95
35000	1445,99	5608,56	730,95
40000	1445,99	5571,74	730,95
45000	1444,01	5571,74	727,05
50000	1369,37	5568,70	692,48
55000	1369,37	5567,30	692,48
60000	1369,37	5543,02	692,48
65000	1369,37	5531,51	692,48
70000	1368,52	5531,51	688,58
75000	1368,52	5531,51	688,58
80000	1366,19	5512,11	688,58
85000	1359,17	5512,11	688,58
90000	1359,17	5512,11	688,58
95000	1359,17	5510,71	687,38
100000	1359,17	5510,71	687,38
105000	1337,39	5503,37	675,08
110000	1337,39	5503,37	675,08
115000	1330,62	5502,33	673,88
120000	1330,62	5502,33	673,88
125000	1330,62	5502,18	673,88
130000	1330,62	5493,96	673,88
135000	1329,09	5493,96	669,97
140000	1322,75	5493,96	668,78
145000	1322,75	5493,96	668,78
150000	1318,39	5478,14	667,72
155000	1318,39	5472,20	667,72
160000	1318,39	5472,20	667,72
165000	1293,03	5452,33	654,00
170000	1293,03	5452,33	654,00
175000	1293,03	5448,89	654,00
180000	1284,87	5444,67	648,45
185000	1281,15	5429,72	648,45
190000	1281,15	5422,22	648,45
195000	1281,15	5407,06	646,35
200000	1281,15	5407,06	646,35
205000	1278,77	5403,54	645,30
210000	1274,24	5403,53	642,82
215000	1274,24	5400,34	642,82
220000	1274,24	5400,34	642,82
225000	1271,86	5400,34	642,82
230000	1271,82	5400,34	642,82
235000	1271,82	5400,34	642,37
240000	1271,82	5400,32	642,37
245000	1271,82	5398,30	642,37
250000	1271,82	5398,30	642,37
255000	1271,82	5398,30	642,37
260000	1271,82	5398,30	642,37
265000	1271,82	5398,30	642,37
270000	1271,82	5398,30	642,37
275000	1271,82	5398,30	642,37
280000	1271,82	5398,30	642,37
285000	1271,82	5398,30	642,37
290000	1271,82	5396,82	642,37
295000	1271,82	5396,82	642,37
300000	1271,82	5394,97	642,37
305000	1271,82	5394,97	642,37
310000	1271,82	5394,97	642,37
315000	1271,82	5394,97	642,37
320000	1271,82	5394,97	642,37
325000	1271,82	5394,97	642,37
330000	1271,82	5394,96	642,37
335000	1271,82	5394,96	642,37
340000	1271,82	5393,18	642,37
345000	1271,82	5393,18	642,37
350000	1271,82	5393,18	642,37
355000	1271,82	5393,18	642,37
360000	1271,82	5393,18	642,37
365000	1271,82	5393,18	642,37
370000	1271,82	5393,18	642,37
375000	1271,82	5393,18	642,37
380000	1271,82	5393,18	642,37
385000	1271,82	5393,18	642,37
390000	1271,82	5393,18	642,37
395000	1271,82	5393,18	642,37
400000	1271,82	5392,53	642,37
405000	1271,82	5392,53	642,37
410000	1271,82	5392,53	642,37
415000	1271,82	5392,53	642,37
420000	1271,82	5392,53	642,37
425000	1271,82	5392,53	642,37
430000	1271,82	5392,53	642,37
435000	1271,82	5392,53	642,37
440000	1271,82	5392,53	642,37
445000	1271,82	5392,53	642,37
450000	1271,82	5392,53	642,37
455000	1271,82	5392,53	642,37
460000	1271,82	5392,53	642,37
465000	1265,76	5371,75	638,03
470000	1265,76	5371,75	638,03
475000	1265,76	5371,75	638,03
480000	1264,64	5371,75	638,03
485000	1258,33	5371,75	634,65
490000	1258,33	5371,75	634,65
495000	1258,33	5371,75	634,65
500000	1258,33	5371,75	634,65
505000	1258,33	5370,45	634,65
510000	1258,33	5370,45	634,65
515000	1258,33	5370,45	634,65
520000	1258,33	5370,45	634,65
525000	1257,21	5370,45	634,65
530000	1257,21	5370,45	634,65
535000	1257,21	5370,45	634,65
540000	1257,21	5370,45	634,65
545000	1257,21	5370,45	634,65
550000	1257,21	5370,45	634,65
555000	1257,21	5370,45	634,65
560000	1257,21	5370,45	634,65
565000	1257,21	5370,45	634,65
570000	1257,21	5370,45	634,65
575000	1257,21	5370,45	634,65
580000	1257,21	5370,45	634,65
585000	1257,21	5370,45	634,65
590000	1257,21	5370,45	634,65
595000	1257,21	5370,45	634,65
600000	1257,21	5370,45	634,65
605000	1257,21	5370,45	634,65
610000	1257,21	5370,45	634,65
615000	1257,21	5370,45	634,65
620000	1257,21	5370,45	634,65
625000	1257,21	5370,45	634,65
630000	1257,21	5370,45	634,65
635000	1257,21	5370,45	634,65
640000	1257,21	5370,45	634,65
645000	1257,21	5370,45	634,65
650000	1257,21	5370,45	634,65
655000	1257,21	5370,45	634,65
660000	1257,21	5370,45	634,65
665000	1257,21	5370,45	634,65
670000	1257,21	5370,45	634,65
675000	1257,21	5370,45	634,65
680000	1257,21	5370,45	634,65
685000	1257,21	5370,45	634,65
690000	1257,21	5370,45	634,65
695000	1257,21	5370,45	634,65
700000	1257,21	5370,45	634,65
705000	1257,21	5370,45	634,65
710000	1257,21	5370,45	634,65
715000	1257,21	5370,45	634,65
720000	1257,21	5370,45	634,65
725000	1257,21	5370,45	634,65
730000	1257,21	5370,45	634,65
735000	1257,21	5370,45	634,65
740000	1257,21	5370,45	634,65
745000	1257,21	5370,45	634,65
750000	1257,21	5370,45	634,65
755000	1257,21	5370,45	634,65
760000	1257,21	5370,45	634,65
765000	1257,21	5370,45	634,65
770000	1257,21	5370,45	634,65
775000	1257,21	5370,45	634,65
780000	1257,21	5370,45	634,65
785000	1257,21	5370,45	634,65
790000	1257,21	5370,45	634,65
795000	1257,21	5370,45	634,65
800000	1257,21	5370,45	634,65
805000	1257,21	5370,45	634,65
810000	1257,21	5370,45	634,65
815000	1257,21	5370,45	634,65
820000	1257,21	5370,45	634,65
825000	1257,21	5370,45	634,65
830000	1257,21	5370,45	634,65
835000	1257,21	5370,45	634,65
840000	1257,21	5370,45	634,65
845000	1257,21	5370,45	634,65
850000	1257,21	5370,45	634,65
855000	1257,21	5370,45	634,65
860000	1257,21	5370,45	634,65
865000	1257,21	5370,45	634,65
870000	1257,21	5370,45	634,65
875000	1257,21	5370,45	634,65
880000	1257,21	5370,45	634,65
885000	1257,21	5370,45	634,65
890000	1257,21	5370,45	634,65
895000	1257,21	5370,45	634,65
900000	1257,21	5370,45	634,65
905000	1257,21	5370,45	634,65
910000	1257,21	5370,45	634,65
915000	1257,21	5370,45	634,65
920000	1257,21	5370,45	634,65
925000	1257,21	5370,45	634,65
930000	1257,21	5370,45	634,65
935000	1257,21	5370,45	634,65
940000	1257,21	5370,45	634,65
945000	1257,21	5370,45	634,65
950000	1257,21	5370,45	634,65
955000	1257,21	5370,45	634,65
960000	1257,21	5370,45	634,65
965000	1257,21	5370,45	634,65
970000	1257,21	5370,45	634,65
975000	1257,21	5370,45	634,65
980000	1257,21	5370,45	634,65
985000	1257,21	5370,45	634,65
990000	1257,21	5370,45	634,65
995000	1257,21	5370,45	634,65
1000000	1257,21	5370,45	634,65
1005000	1257,21	5370,45	634,65
1010000	1257,21	5370,45	634,65
1015000	1257,21	5370,45	634,65
1020000	1257,21	5370,45	634,65
1025000	1257,21	5370,45	634,65
1030000	1257,21	5370,45	634,65
1035000	1257,21	5370,45	634,65
1040000	1257,21	5370,45	634,65
1045000	1257,21	5370,45	634,65
1050000	1257,21	5370,45	634,65
1055000	1257,21	5370,45	634,65
1060000	1257,21	5370,45	634,65
1065000	1257,21	5370,45	634,65
1070000	1257,21	5370,45	634,65
1075000	1257,21	5370,45	634,65
1080000	1257,21	5370,45	634,65
1085000	1257,21	5370,45	634,65
1090000	1257,21	5370,45	634,65
1095000	1257,21	5370,45	634,65
1100000	1257,21	5370,45	634,65
1105000	1257,21	5370,45	634,65
1110000	1257,21	5370,45	634,65
1115000	1257,21	5370,45	634,65
1120000	1257,21	5370,45	634,65
1125000	1257,21	5370,45	634,65
1130000	1257,21	5370,45	634,65
1135000	1257,21	5370,45	634,65
1140000	1257,21	5370,45	634,65
1145000	1257,21	5370,45	634,65
1150000	1257,21	5370,45	634,65
1155000	1257,21	5370,45	634,65
1160000	1257,21	5370,45	634,65
1165000	1257,21	5370,45	634,65
1170000	1257,21	5370,45	634,65
1175000	1257,21	5370,45	634,65
1180000	1257,21	5370,45	634,65
1185000	1257,21	5370,45	634,65
1190000	1257,21	5370,45	634,65
1195000	1257,21	5370,45	634,65
1200000	1257,21	5370,45	634,65
1205000	1257,21	5370,45	634,65
1210000	1257,21	5370,45	634,65
1215000	1257,21	5370,45	634,65
1220000	1257,21	5370,45	634,65
1225000	1257,21	5370,45	634,65
1230000	1257,21	5370,45	634,65
1235000	1257,21	5370,45	634,65
1240000	1257,21	5370,45	634,65
1245000	1257,21	5370,45	634,65
1250000	1257,21	5370,45	634,65
1255000	1257,21	5370,45	634,65
1260000	1257,21	5370,45	634,65
1265000	1257,21	5370,45	634,65
1270000	1257,21	5370,45	634,65
1275000	1257,21	5370,45	634,65
1280000	1257,21	5370,45	634,65
1285000	1257,21	5370,45	634,65
1290000	1257,21	5370,45	634,65
1295000	1257,21	5370,45	634,65
1300000	1257,21	5370,45	634,65
1305000	1257,21	5370,45	634,65
1310000	1257,21	5370,45	634,65
1315000	1257,21	5370,45	634,65
1320000	1257,21	5370,45	634,65
1325000	1257,21	5370,45	634,65
1330000	1257,21	5370,45	634,65
1335000	1257,21	5370,45	634,65
1340000	1257,21	5370,45	634,65
1345000	1257,21	5370,45	634,65
1350000	1257,21	5370,45	634,65
1355000	1257,21	5370,45	634,65
1360000	1257,21	5370,45	634,65
1365000	1257,21	5370,45	634,65
1370000	1257,21	5370,45	634,65
1375000	1257,21	5370,45	634,65
1380000	1257,21	5370,45	634,65
1385000	1257,21	5370,45	634,65
1390000	1257,21	5370,45	634,65
1395000	1257,21	5370,45	634,65
1400000	1257,21	5370,45	634,65
1405000	1257,21	5370,45	634,65
1410000	1257,21	5370,45	634,65
1415000	1257,21	5370,45	634,65
1420000	1257,21	5370,45	634,65
1425000	1257,21	5370,45	634,65
1430000	1257,21	5370,45	634,65
1435000	1257,21	5370,45	634,65
1440000	1257,21	5370,45	634,65
1445000	1257,21	5370,45	634,65
1450000	1257,21	5370,45	634,65
1455000	1257,21	5370,45	634,65
1460000	1257,21	5370,45	634,65
1465000	1257,21	5370,45	634,65
1470000	1257,21	5370,45	634,65
1475000	1257,21	5370,45	634,65
1480000	1257,21	5370,45	634,65
1485000	1257,21	5370,45	634,65
1490000	1257,21	5370,45	634,65
1495000	1257,21	5370,45	634,65
1500000	1257,21	5370,45	634,65
1505000	1257,21	5370,45	634,65
1510000	1257,21	5370,45	634,65
1515000	1257,21	5370,45	634,65
1520000	1257,21	5370,45	634,65
1525000	1257,21	5370,45	634,65
1530000	1257,21	5370,45	634,65
1535000	1257,21	5370,45	634,65
1540000	1257,21	5370,45	634,65
1545000	1257,21	5370,45	634,65
1550000	1257,21	5370,45	634,65
1555000	1257,21	5370,45	634,65
1560000	1257,21	5370,45	634,65
1565000	1257,21	5370,45	634,65
1570000	1257,21	5370,45	634,65
1575000	1257,21	5370,45	634,65
1580000	1257,21	5370,45	634,65
1585000	1257,21	5370,45	634,65
1590000	1257,21	5370,45	634,65
1595000	1257,21	5370,45	634,65
1600000	1257,21	5370,45	634,65
1605000	1257,21	5370,45	634,65
1610000	1257,21	5370,45	634,65
1615000	1257,21	5370,45	634,65
1620000	1257,21	5370,45	634,65
1625000	1257,21	5370,45	634,65
1630000	1257,21	5370,45	634,65
1635000	1257,21	5370,45	634,65
1640000	1257,21	5370,45	634,65
1645000	1257,21	5370,45	634,65
1650000	1257,21	5370,45	634,65
1655000	1257,21	5370,45	634,65
1660000	1257,21	5370,45	634,65
1665000	1257,21	5370,45	634,65
1670000	1257,21	5370,45	634,65
1675000	1257,21	5370,45	634,65
1680000	1257,21	5370,45	634,65
1685000	1257,21	5370,45	634,65
1690000	1257,21	5370,45	634,65
1695000	1257,21	5370,45	634,65
1700000	1257,21	5370,45	634,65
1705000	1257,21	5370,45	634,65
1710000	1257,21	5370,45	634,65
1715000	1257,21	5370,45	634,65
1720000	1257,21	5370,45	634,65
1725000	1257,21	5370,45	634,65
1730000	1257,21	5370,45	634,65
1735000	1257,21	5370,45	634,65
1740000	1257,21	5370,45	634,65
1745000	1257,21	5370,45	634,65
1750000	1257,21	5370,45	634,65
1755000	1257,21	5370,45	634,65
1760000	1257,21	5370,45	634,65
1765000	1257,21	5370,45	634,65
1770000	1257,21	5370,45	634,65
1775000	1257,21	5370,45	634,65
1780000	1257,21	5370,45	634,65
1785000	1257,21	5370,45	634,65

=== MELHOR SOLUCAO (Fitness Ponderado Minimo) ===
Fitness Ponderado: 7217,344292
Distancia: 1261,39
Tempo: 5370,45
Combustivel: 634,65

Veiculo 0: 9 clientes, demanda: 170/200, rota: [81, 78, 76, 62, 74, 72, 61, 64, 69]
Veiculo 1: 11 clientes, demanda: 200/200, rota: [98, 96, 95, 94, 97, 100, 99, 4, 2, 1, 75]
Veiculo 2: 12 clientes, demanda: 150/200, rota: [43, 42, 41, 40, 44, 46, 45, 48, 51, 50, 49, 47]
Veiculo 3: 10 clientes, demanda: 170/200, rota: [67, 65, 63, 71, 70, 73, 77, 79, 80, 91]
Veiculo 4: 9 clientes, demanda: 180/200, rota: [32, 33, 18, 30, 28, 26, 23, 22, 21]
Veiculo 5: 10 clientes, demanda: 140/200, rota: [5, 3, 7, 8, 10, 11, 9, 6, 34, 52]
Veiculo 6: 9 clientes, demanda: 180/200, rota: [55, 54, 53, 56, 58, 60, 59, 68, 66]
Veiculo 7: 9 clientes, demanda: 160/200, rota: [90, 87, 86, 83, 82, 84, 85, 88, 89]
Veiculo 8: 8 clientes, demanda: 150/200, rota: [20, 24, 25, 27, 37, 38, 39, 36]
Veiculo 9: 7 clientes, demanda: 170/200, rota: [13, 17, 19, 15, 16, 14, 12]
Veiculo 10: 3 clientes, demanda: 40/200, rota: [31, 35, 29]
Veiculo 11: 2 clientes, demanda: 60/200, rota: [92, 93]
Veiculo 12: 1 clientes, demanda: 40/200, rota: [57]
