# VRP NSGA-III - Frente de Pareto
# Tempo: 487126 ms | Tamanho: 9
# Formato: Distancia Tempo Combustivel FitnessPonderado

1208,425961 5424,627352 609,075000 7220,125367
1211,478470 5419,466675 610,875000 7192,670144
1223,899665 5406,601244 615,450000 7234,850909
1204,083630 5424,992782 607,500000 7214,573468
1209,530685 5421,716310 608,025000 7228,171995
1215,820800 5419,101244 612,450000 7198,222044
1213,873015 5421,350879 609,600000 7233,723894
1219,557335 5406,966675 613,875000 7229,299010
1245,373899 5396,216953 625,125000 7255,615852
