# VRP NSGA-III - Frente de Pareto
# Tempo: 480542 ms | Tamanho: 9
# Formato: Distancia Tempo Combustivel FitnessPonderado

1124,238794 5324,393756 566,625000 7004,157550
1119,063961 5396,869601 560,625000 7054,555617
1117,729157 5349,449729 563,700000 7008,875940
1146,434774 5309,154028 579,675000 7024,163802
1123,176212 5346,173256 564,225000 7022,474468
1134,265444 5309,644121 574,125000 7006,934565
1126,186579 5322,144121 569,475000 6968,655700
1118,791740 5327,670229 566,100000 6990,559023
1120,126544 5375,090101 563,025000 7036,238699
