# VRP NSGA-III - Frente de Pareto
# Tempo: 483981 ms | Tamanho: 10
# Formato: Distancia Tempo Combustivel FitnessPonderado

1309,409934 5426,983562 664,500000 7357,445719
1272,920231 5434,613758 644,400000 7329,931043
1273,274222 5455,977782 642,825000 7350,074059
1280,315070 5429,087650 647,775000 7308,027720
1275,616649 5434,198282 643,950000 7331,761985
1283,011488 5428,672174 647,325000 7309,858662
1274,554066 5455,977782 642,375000 7350,903902
1274,336805 5434,198282 644,400000 7330,932141
1271,857648 5456,393258 642,825000 7349,072961
1281,731644 5428,672174 647,775000 7309,028818
