# AEMMT - Frente de Pareto (tabela de nao-dominancia)
# Instancia: r106
# Tamanho: 9 solucoes nao-dominadas
# Formato: distancia<TAB>tempo<TAB>combustivel<TAB>num_veiculos

1560,449749	1450,328315	796,200000	15
1559,556367	1452,105713	792,525000	15
1554,309510	1456,027274	793,050000	15
1558,364536	1454,797291	794,475000	15
1569,544697	1440,058068	796,875000	15
1563,611393	1450,875729	793,950000	15
1565,489672	1441,288051	795,450000	15
1562,537053	1448,580821	796,200000	15
1575,933816	1439,619187	799,950000	15
