# VRP NSGA-III - Frente de Pareto
# Tempo: 490484 ms | Tamanho: 30
# Formato: Distancia Tempo Combustivel FitnessPonderado

1591,578954 1573,239510 803,025000 3933,699415
1570,796486 1628,507291 786,825000 3964,973437
1607,182326 1566,681999 803,025000 3921,149793
1583,776355 1576,604928 799,950000 3926,187234
1607,024357 1556,705627 809,175000 3930,643245
1634,611244 1549,705627 819,750000 3942,228446
1573,619975 1616,845723 790,425000 3946,746649
1601,130522 1565,869396 806,100000 3911,824470
1606,022223 1567,184627 803,025000 3920,492318
1603,760985 1567,184627 804,300000 3913,970164
1590,418851 1573,742138 803,025000 3933,041941
1600,256887 1566,349533 806,100000 3911,430972
1606,022223 1567,184627 803,025000 3920,492318
1586,221697 1574,710096 799,950000 3926,737744
1603,391761 1565,869396 804,825000 3918,346624
1580,952866 1588,266495 796,350000 3944,414022
1603,391761 1565,869396 804,825000 3918,346624
1578,261367 1597,441293 788,400000 3942,947320
1588,852160 1576,025327 798,150000 3928,883438
1598,685180 1567,764228 806,100000 3911,273960
1600,946419 1567,764228 804,825000 3917,796114
1586,406818 1577,920159 798,150000 3928,332929
1608,739327 1567,184627 801,975000 3922,159422
1601,315643 1569,079459 804,300000 3913,419654
1603,576882 1569,079459 803,025000 3919,941809
1570,756514 1628,507291 789,975000 3968,083465
1581,084856 1585,779726 792,000000 3924,720533
1599,845283 1567,261599 806,100000 3911,931434
1606,108864 1565,869396 803,775000 3920,013728
1606,293986 1569,079459 801,975000 3921,608912
