# VRP NSGA-III - Frente de Pareto
# Tempo: 503158 ms | Tamanho: 49
# Formato: Distancia Tempo Combustivel FitnessPonderado

1638,440040 1549,682040 823,125000 3949,408655
1551,156873 1611,271027 778,125000 3925,422560
1625,929733 1551,041639 822,825000 3937,957947
1567,065924 1567,722529 791,025000 3910,683114
1609,146364 1556,499679 801,525000 3905,332619
1609,284871 1553,289616 805,725000 3906,461063
1586,266058 1561,604847 789,675000 3900,820081
1562,868770 1568,690487 787,950000 3904,378917
1606,429260 1556,499679 802,575000 3903,665515
1583,548954 1561,604847 790,725000 3899,152977
1563,748428 1569,130315 787,650000 3905,398403
1560,429451 1571,505284 787,650000 3904,454395
1603,798797 1555,184448 804,375000 3901,519821
1576,211911 1562,184448 793,800000 3889,934619
1566,378890 1570,445547 785,850000 3907,544097
1611,915334 1554,604847 803,925000 3908,606757
1599,222503 1558,481468 809,475000 3924,917231
1605,694133 1553,769752 806,775000 3904,400461
1562,874793 1569,610452 787,650000 3905,004905
1563,933549 1572,340379 785,850000 3906,993588
1575,338276 1562,664584 793,800000 3889,541121
1581,287715 1561,604847 792,000000 3892,630823
1578,473150 1562,184448 792,525000 3896,456773
1577,777595 1559,849787 794,100000 3889,465643
1606,244139 1553,289616 806,850000 3904,545330
1637,381391 1549,682040 825,600000 3950,825006
1561,303086 1571,025147 787,650000 3904,847893
1567,945582 1568,162358 790,725000 3911,702600
1578,657253 1560,289616 793,800000 3890,485129
1610,034705 1554,102219 805,050000 3907,348499
1580,918491 1560,289616 792,525000 3897,007283
1626,809390 1551,481468 822,525000 3938,977433
1601,483742 1558,481468 808,200000 3931,439386
1607,404242 1552,786987 806,850000 3905,202805
1581,103613 1563,499679 790,725000 3898,602468
1556,468668 1603,406376 784,275000 3929,019704
1578,842374 1563,499679 792,000000 3892,080314
1605,370504 1553,769752 806,850000 3904,151832
1580,316619 1562,664584 791,475000 3897,730379
1577,599515 1562,664584 792,525000 3896,063275
1583,820716 1563,499679 789,675000 3900,269572
1609,198230 1554,604847 804,975000 3906,939653
1582,447818 1561,102219 792,000000 3893,288298
1564,908530 1568,627687 787,650000 3906,055877
1580,044857 1560,769752 792,525000 3896,613785
1637,705019 1549,682040 825,525000 3951,073635
1577,783618 1560,769752 793,800000 3890,091631
1602,925163 1555,664584 804,375000 3901,126323
1608,874602 1554,604847 805,050000 3906,691025
