# VRP NSGA-III - Frente de Pareto
# Tempo: 488435 ms | Tamanho: 49
# Formato: Distancia Tempo Combustivel FitnessPonderado

1638,383201 1550,017218 825,300000 3951,861995
1586,101742 1561,522689 789,675000 3900,573608
1609,120555 1553,207458 805,725000 3906,214589
1628,128805 1550,896681 822,450000 3939,637062
1550,992558 1611,188869 778,125000 3925,176087
1609,305677 1556,417521 801,525000 3905,409774
1600,218290 1557,896681 809,475000 3925,328232
1599,058187 1558,399310 809,475000 3924,670758
1583,384639 1561,522689 790,725000 3898,906504
1578,678058 1563,417521 792,000000 3891,833840
1608,710286 1554,522689 805,050000 3906,444551
1600,445792 1558,879446 808,200000 3930,799414
1566,214575 1570,363389 785,850000 3907,297624
1575,173960 1562,582426 793,800000 3889,294647
1581,123400 1561,522689 792,000000 3892,384350
1566,907631 1568,560336 790,725000 3911,062628
1609,033915 1554,522689 804,975000 3906,693179
1601,319426 1558,399310 808,200000 3931,192912
1580,754176 1560,207458 792,525000 3896,760809
1560,265135 1571,423126 787,650000 3904,207922
1625,771439 1551,879446 822,525000 3938,337461
1563,584112 1569,048158 787,650000 3905,151929
1611,751018 1554,522689 803,925000 3908,360283
1598,184553 1558,879446 809,475000 3924,277260
1577,619302 1560,687594 793,800000 3889,845157
1563,769233 1572,258221 785,850000 3906,747114
1602,760847 1555,582426 804,375000 3900,879849
1606,403452 1553,207458 806,775000 3904,547485
1580,939297 1563,417521 790,725000 3898,355994
1578,492937 1560,207458 793,800000 3890,238655
1567,781266 1568,080200 790,725000 3911,456126
1583,656401 1563,417521 789,675000 3900,023098
1578,308834 1562,102290 792,525000 3896,210300
1562,710477 1569,528294 787,650000 3904,758431
1561,138770 1570,942989 787,650000 3904,601420
1626,645074 1551,399310 822,525000 3938,730959
1606,079823 1553,207458 806,850000 3904,298857
1577,435199 1562,582426 792,525000 3895,816802
1568,941369 1567,577571 790,725000 3912,113600
1583,471279 1560,207458 791,475000 3898,427913
1579,880541 1560,687594 792,525000 3896,367311
1576,047595 1562,102290 793,800000 3889,688145
1626,968702 1551,399310 822,450000 3938,979588
1626,095068 1551,879446 822,450000 3938,586090
1600,685847 1559,025880 800,025000 3923,010902
1603,634482 1555,102290 804,375000 3901,273347
1606,264945 1556,417521 802,575000 3903,419041
1637,546726 1550,519847 825,225000 3951,453149
1637,223098 1550,519847 825,300000 3951,204520
