# VRP NSGA-III - Frente de Pareto
# Tempo: 504653 ms | Tamanho: 46
# Formato: Distancia Tempo Combustivel FitnessPonderado

1538,497605 1603,110954 772,875000 3899,353219
1577,619302 1560,687594 793,800000 3889,845157
1581,123400 1561,522689 792,000000 3892,384350
1625,771439 1551,879446 822,525000 3938,337461
1606,264945 1556,417521 802,575000 3903,419041
1586,101742 1561,522689 789,675000 3900,573608
1554,270443 1567,441408 782,850000 3889,431511
1583,384639 1561,522689 790,725000 3898,906504
1598,184553 1558,879446 809,475000 3924,277260
1601,688650 1559,714541 807,675000 3926,816452
1591,509638 1560,176813 798,825000 3913,785627
1542,771806 1575,448882 773,550000 3876,640348
1543,332023 1570,729725 776,250000 3875,181408
1608,796927 1553,207458 805,800000 3905,965960
1575,128388 1564,273660 794,700000 3918,971708
1535,306925 1606,514879 771,975000 3898,666464
1540,141343 1574,133650 775,350000 3874,494653
1539,267708 1574,613787 775,350000 3874,101155
1570,129133 1565,633260 795,225000 3915,857053
1638,420361 1550,039710 825,225000 3951,846647
1578,308834 1562,102290 792,525000 3896,210300
1575,173960 1562,582426 793,800000 3889,294647
1609,033915 1554,522689 804,975000 3906,693179
1599,058187 1558,399310 809,475000 3924,670758
1626,095068 1551,879446 822,450000 3938,586090
1603,634482 1555,102290 804,375000 3901,273347
1606,403452 1553,207458 806,775000 3904,547485
1601,319426 1558,399310 808,200000 3931,192912
1576,047595 1562,102290 793,800000 3889,688145
1602,760847 1555,582426 804,375000 3900,879849
1600,445792 1558,879446 808,200000 3930,799414
1578,492937 1560,207458 793,800000 3890,238655
1580,754176 1560,207458 792,525000 3896,760809
1608,982048 1556,417521 801,525000 3905,086145
1606,079823 1553,207458 806,850000 3904,298857
1608,710286 1554,522689 805,050000 3906,444551
1605,206189 1553,687594 806,850000 3903,905359
1580,939297 1563,417521 790,725000 3898,355994
1626,645074 1551,399310 822,525000 3938,730959
1578,678058 1563,417521 792,000000 3891,833840
1611,751018 1554,522689 803,925000 3908,360283
1637,223098 1550,519847 825,300000 3951,204520
1606,351585 1555,102290 803,325000 3902,940451
1626,968702 1551,399310 822,450000 3938,979588
1616,835286 1553,176813 813,150000 3921,323675
1637,546726 1550,519847 825,225000 3951,453149
