# VRP NSGA-III - Frente de Pareto
# Tempo: 477301 ms | Tamanho: 36
# Formato: Distancia Tempo Combustivel FitnessPonderado

1578,271535 1597,446377 788,400000 3942,962572
1590,418851 1573,742138 803,025000 3933,041941
1570,806654 1628,512375 786,825000 3964,988689
1620,736907 1556,415814 813,225000 3953,651897
1573,630143 1616,850807 790,425000 3946,761901
1588,852160 1576,025327 798,150000 3928,883438
1606,108864 1565,869396 803,775000 3920,013728
1586,221697 1574,710096 799,950000 3926,737744
1602,518126 1566,349533 804,825000 3917,953126
1598,685180 1567,764228 806,100000 3911,273960
1589,545216 1574,222275 803,025000 3932,648442
1603,391761 1565,869396 804,825000 3918,346624
1582,902720 1577,085064 799,950000 3925,793736
1606,022223 1567,184627 803,025000 3920,492318
1600,256887 1566,349533 806,100000 3911,430972
1603,760985 1567,184627 804,300000 3913,970164
1583,776355 1576,604928 799,950000 3926,187234
1606,022223 1567,184627 803,025000 3920,492318
1601,130522 1565,869396 806,100000 3911,824470
1585,348062 1575,190232 799,950000 3926,344246
1603,391761 1565,869396 804,825000 3918,346624
1597,811545 1568,244365 806,100000 3910,880462
1608,739327 1567,184627 801,975000 3922,159422
1618,475668 1556,415814 814,500000 3947,129742
1577,590926 1584,949715 793,800000 3922,196592
1604,551863 1565,366767 804,825000 3919,004098
1602,518126 1566,349533 804,825000 3917,953126
1600,072784 1568,244365 804,825000 3917,402616
1604,921087 1566,681999 804,300000 3914,627638
1581,095024 1585,784810 792,000000 3924,735785
1594,209417 1574,554741 801,225000 3935,845109
1606,293986 1569,079459 801,975000 3921,608912
1600,946419 1567,764228 804,825000 3917,796114
1574,767437 1596,611283 790,200000 3940,423380
1607,182326 1566,681999 803,025000 3921,149793
1584,062823 1576,582436 799,950000 3926,451210
