# VRP NSGA-III - Frente de Pareto
# Tempo: 494358 ms | Tamanho: 48
# Formato: Distancia Tempo Combustivel FitnessPonderado

1551,156873 1611,271027 778,125000 3925,422560
1638,420361 1550,039710 825,225000 3951,846647
1609,120555 1553,207458 805,725000 3906,214589
1647,618822 1549,506437 832,575000 3967,861835
1606,079823 1553,207458 806,850000 3904,298857
1580,754176 1560,207458 792,525000 3896,760809
1626,095068 1551,879446 822,450000 3938,586090
1626,645074 1551,399310 822,525000 3938,730959
1602,760847 1555,582426 804,375000 3900,879849
1606,403452 1553,207458 806,775000 3904,547485
1625,771439 1551,879446 822,525000 3938,337461
1609,033915 1554,522689 804,975000 3906,693179
1583,384639 1561,522689 790,725000 3898,906504
1567,781266 1568,080200 790,725000 3911,456126
1638,096733 1550,039710 825,300000 3951,598018
1563,584112 1569,048158 787,650000 3905,151929
1635,598732 1550,519847 822,825000 3947,105154
1606,264945 1556,417521 802,575000 3903,419041
1608,246921 1553,687594 805,725000 3905,821091
1578,678058 1563,417521 792,000000 3891,833840
1588,792534 1560,176813 799,875000 3912,118523
1605,529817 1553,687594 806,775000 3904,153987
1581,123400 1561,522689 792,000000 3892,384350
1608,796927 1553,207458 805,800000 3905,965960
1600,445792 1558,879446 808,200000 3930,799414
1566,214575 1570,363389 785,850000 3907,297624
1578,492937 1560,207458 793,800000 3890,238655
1601,319426 1558,399310 808,200000 3931,192912
1605,206189 1553,687594 806,850000 3903,905359
1599,058187 1558,399310 809,475000 3924,670758
1582,099400 1562,914893 790,725000 3899,013468
1560,265135 1571,423126 787,650000 3904,207922
1608,710286 1554,522689 805,050000 3906,444551
1577,619302 1560,687594 793,800000 3889,845157
1626,846415 1551,317612 818,850000 3935,175603
1598,184553 1558,879446 809,475000 3924,277260
1603,634482 1555,102290 804,375000 3901,273347
1563,769233 1572,258221 785,850000 3906,747114
1607,239926 1552,704829 806,850000 3904,956331
1628,128805 1550,896681 822,450000 3939,637062
1578,308834 1562,102290 792,525000 3896,210300
1575,173960 1562,582426 793,800000 3889,294647
1580,939297 1563,417521 790,725000 3898,355994
1583,471279 1560,207458 791,475000 3898,427913
1579,838161 1562,914893 792,000000 3892,491314
1576,047595 1562,102290 793,800000 3889,688145
1586,531295 1560,176813 801,150000 3905,596369
1637,540704 1549,599882 825,525000 3950,827161
