# VRP NSGA-III - Frente de Pareto
# Tempo: 482930 ms | Tamanho: 51
# Formato: Distancia Tempo Combustivel FitnessPonderado

1590,408683 1573,737054 803,025000 3933,026689
1632,821434 1559,676915 817,275000 3928,921216
1662,207881 1555,193936 837,525000 3974,074684
1649,272491 1557,056164 834,825000 3960,301522
1570,796486 1628,507291 786,825000 3964,973437
1608,729159 1567,179543 801,975000 3922,144170
1585,337894 1575,185148 799,950000 3926,328994
1586,211529 1574,705012 799,950000 3926,722492
1583,766187 1576,599844 799,950000 3926,171982
1603,381593 1565,864312 804,825000 3918,331372
1634,378435 1560,179543 816,225000 3929,930846
1580,942698 1588,261412 796,350000 3944,398770
1601,120354 1565,864312 806,100000 3911,809218
1621,685604 1564,056164 821,775000 3946,241321
1606,012056 1567,179543 803,025000 3920,477067
1603,750817 1567,179543 804,300000 3913,954912
1582,892552 1577,079980 799,950000 3925,778484
1598,675012 1567,759144 806,100000 3911,258708
1631,337703 1560,179543 817,350000 3928,015114
1580,069064 1588,741548 796,350000 3944,005272
1629,030869 1558,864312 819,075000 3926,118048
1652,226582 1558,371395 832,950000 3962,695845
1634,054807 1560,179543 816,300000 3929,682218
1607,172158 1566,676915 803,025000 3921,134541
1631,661332 1560,179543 817,275000 3928,263742
1580,902727 1588,261412 799,500000 3947,508798
1600,936251 1567,759144 804,825000 3917,780862
1603,566714 1569,074375 803,025000 3919,926557
1623,946843 1564,056164 820,500000 3952,763475
1603,381593 1565,864312 804,825000 3918,331372
1628,707240 1558,864312 819,150000 3925,869419
1583,388040 1586,366580 796,350000 3944,949280
1606,012056 1567,179543 803,025000 3920,477067
1629,215990 1562,074375 814,875000 3925,313232
1604,910919 1566,676915 804,300000 3914,612387
1587,556753 1577,412447 798,150000 3928,975151
1607,172158 1566,676915 803,025000 3921,134541
1631,609465 1562,074375 813,825000 3926,656708
1600,062616 1568,239281 804,825000 3917,387364
1597,801377 1568,239281 806,100000 3910,865210
1660,724150 1555,696565 837,600000 3973,168581
1588,841992 1576,020243 798,150000 3928,868186
1600,246719 1566,344449 806,100000 3911,415720
1620,811970 1564,536301 821,775000 3945,847822
1584,926290 1576,097215 799,950000 3926,829457
1651,902954 1558,371395 833,025000 3962,447217
1604,726817 1568,571747 803,025000 3920,584031
1587,371631 1574,202383 799,950000 3927,379966
1604,541695 1565,361684 804,825000 3918,988846
1632,497806 1559,676915 817,350000 3928,672588
1649,596119 1557,056164 834,750000 3960,550150
