# VRP NSGA-III - Frente de Pareto
# Tempo: 478367 ms | Tamanho: 50
# Formato: Distancia Tempo Combustivel FitnessPonderado

1641,723719 1549,670497 825,225000 3954,780792
1586,101742 1561,522689 789,675000 3900,573608
1584,544741 1561,020061 790,725000 3899,563978
1611,427390 1554,522689 804,000000 3908,111655
1600,218290 1557,896681 809,475000 3925,328232
1627,805177 1550,896681 822,525000 3939,388434
1550,992558 1611,188869 778,125000 3925,176087
1567,781266 1568,080200 790,725000 3911,456126
1578,492937 1560,207458 793,800000 3890,238655
1576,047595 1562,102290 793,800000 3889,688145
1566,214575 1570,363389 785,850000 3907,297624
1583,384639 1561,522689 790,725000 3898,906504
1581,123400 1561,522689 792,000000 3892,384350
1580,939297 1563,417521 790,725000 3898,355994
1582,099400 1562,914893 790,725000 3899,013468
1568,941369 1567,577571 790,725000 3912,113600
1626,645074 1551,399310 822,525000 3938,730959
1563,584112 1569,048158 787,650000 3905,151929
1580,754176 1560,207458 792,525000 3896,760809
1606,403452 1553,207458 806,775000 3904,547485
1600,445792 1558,879446 808,200000 3930,799414
1575,173960 1562,582426 793,800000 3889,294647
1599,058187 1558,399310 809,475000 3924,670758
1562,946848 1600,461429 787,350000 3935,627937
1578,308834 1562,102290 792,525000 3896,210300
1583,656401 1563,417521 789,675000 3900,023098
1609,120555 1553,207458 805,725000 3906,214589
1601,319426 1558,399310 808,200000 3931,192912
1583,471279 1560,207458 791,475000 3898,427913
1558,749694 1601,429386 784,275000 3929,323740
1563,769233 1572,258221 785,850000 3906,747114
1625,771439 1551,879446 822,525000 3938,337461
1606,264945 1556,417521 802,575000 3903,419041
1598,184553 1558,879446 809,475000 3924,277260
1562,710477 1569,528294 787,650000 3904,758431
1578,678058 1563,417521 792,000000 3891,833840
1577,619302 1560,687594 793,800000 3889,845157
1564,744214 1568,545529 787,650000 3905,809404
1561,138770 1570,942989 787,650000 3904,601420
1626,968702 1551,399310 822,450000 3938,979588
1611,751018 1554,522689 803,925000 3908,360283
1581,914278 1559,704829 792,525000 3897,418284
1626,095068 1551,879446 822,450000 3938,586090
1609,033915 1554,522689 804,975000 3906,693179
1560,265135 1571,423126 787,650000 3904,207922
1579,838161 1562,914893 792,000000 3892,491314
1582,283502 1561,020061 792,000000 3893,041824
1606,079823 1553,207458 806,850000 3904,298857
1579,880541 1560,687594 792,525000 3896,367311
1579,653039 1559,704829 793,800000 3890,896129
