# VRP NSGA-III - Frente de Pareto
# Tempo: 527909 ms | Tamanho: 48
# Formato: Distancia Tempo Combustivel FitnessPonderado

1627,805177 1550,896681 822,525000 3939,388434
1581,123400 1561,522689 792,000000 3892,384350
1606,403452 1553,207458 806,775000 3904,547485
1550,992558 1611,188869 778,125000 3925,176087
1581,914278 1559,704829 792,525000 3897,418284
1605,206189 1553,687594 806,850000 3903,905359
1626,645074 1551,399310 822,525000 3938,730959
1578,492937 1560,207458 793,800000 3890,238655
1638,420361 1550,039710 825,225000 3951,846647
1567,781266 1568,080200 790,725000 3911,456126
1601,319426 1558,399310 808,200000 3931,192912
1608,710286 1554,522689 805,050000 3906,444551
1583,656401 1563,417521 789,675000 3900,023098
1637,546726 1550,519847 825,225000 3951,453149
1606,264945 1556,417521 802,575000 3903,419041
1583,471279 1560,207458 791,475000 3898,427913
1563,584112 1569,048158 787,650000 3905,151929
1611,751018 1554,522689 803,925000 3908,360283
1629,599165 1552,714541 820,650000 3941,125282
1610,194017 1554,020061 804,975000 3907,350654
1575,173960 1562,582426 793,800000 3889,294647
1608,982048 1556,417521 801,525000 3905,086145
1563,769233 1572,258221 785,850000 3906,747114
1602,760847 1555,582426 804,375000 3900,879849
1586,101742 1561,522689 789,675000 3900,573608
1626,095068 1551,879446 822,450000 3938,586090
1609,033915 1554,522689 804,975000 3906,693179
1566,214575 1570,363389 785,850000 3907,297624
1628,128805 1550,896681 822,450000 3939,637062
1556,304352 1603,324218 784,275000 3928,773230
1605,529817 1553,687594 806,775000 3904,153987
1629,275537 1552,714541 820,725000 3940,876654
1580,754176 1560,207458 792,525000 3896,760809
1580,939297 1563,417521 790,725000 3898,355994
1599,058187 1558,399310 809,475000 3924,670758
1646,458719 1550,009066 832,575000 3967,204361
1583,384639 1561,522689 790,725000 3898,906504
1577,619302 1560,687594 793,800000 3889,845157
1606,079823 1553,207458 806,850000 3904,298857
1579,880541 1560,687594 792,525000 3896,367311
1578,678058 1563,417521 792,000000 3891,833840
1566,907631 1568,560336 790,725000 3911,062628
1598,184553 1558,879446 809,475000 3924,277260
1578,308834 1562,102290 792,525000 3896,210300
1562,710477 1569,528294 787,650000 3904,758431
1577,435199 1562,582426 792,525000 3895,816802
1560,265135 1571,423126 787,650000 3904,207922
1576,047595 1562,102290 793,800000 3889,688145
