# VRP NSGA-III - Frente de Pareto
# Tempo: 495727 ms | Tamanho: 44
# Formato: Distancia Tempo Combustivel FitnessPonderado

1659,423412 1555,696565 835,050000 3969,317843
1597,801377 1568,239281 806,100000 3910,865210
1584,926290 1576,097215 799,950000 3926,829457
1568,756365 1628,507291 786,375000 3962,483316
1629,215990 1562,074375 814,875000 3925,313232
1608,729159 1567,179543 801,975000 3922,144170
1626,829842 1564,430940 820,500000 3956,021250
1582,892552 1577,079980 799,950000 3925,778484
1575,540637 1584,944631 793,350000 3919,691220
1600,246719 1566,344449 806,100000 3911,415720
1585,337894 1575,185148 799,950000 3926,328994
1606,012056 1567,179543 803,025000 3920,477067
1602,507958 1566,344449 804,825000 3917,937874
1589,535048 1574,217191 803,025000 3932,633191
1573,590783 1596,126062 789,750000 3938,311505
1602,507958 1566,344449 804,825000 3917,937874
1583,766187 1576,599844 799,950000 3926,171982
1600,062616 1568,239281 804,825000 3917,387364
1609,158712 1565,833668 813,450000 3927,166932
1579,044735 1585,779726 791,550000 3922,230412
1576,221246 1597,441293 787,950000 3940,457200
1606,012056 1567,179543 803,025000 3920,477067
1576,414272 1584,464494 793,350000 3920,084718
1603,750817 1567,179543 804,300000 3913,954912
1584,052655 1576,577352 799,950000 3926,435959
1600,936251 1567,759144 804,825000 3917,780862
1605,225062 1566,344449 803,775000 3919,604978
1598,675012 1567,759144 806,100000 3911,258708
1606,283818 1569,074375 801,975000 3921,593661
1603,566714 1569,074375 803,025000 3919,926557
1628,157234 1559,344449 819,075000 3925,724550
1586,211529 1574,705012 799,950000 3926,722492
1614,511553 1565,841820 810,975000 3935,588841
1588,841992 1576,020243 798,150000 3928,868186
1623,073209 1564,536301 820,500000 3952,369977
1601,120354 1565,864312 806,100000 3911,809218
1586,396650 1577,915075 798,150000 3928,317677
1606,098696 1565,864312 803,775000 3919,998476
1603,381593 1565,864312 804,825000 3918,331372
1603,381593 1565,864312 804,825000 3918,331372
1598,961480 1567,736652 806,100000 3911,522684
1571,579854 1616,845723 789,975000 3944,256528
1627,833606 1559,344449 819,150000 3925,475921
1572,717148 1596,606199 789,750000 3937,918007
