Subpopulacao\Geracao	gFinal
NSGA3_DistanciaMin	2081,07
NSGA3_TempoMin	1817,50
NSGA3_CombustivelMin	1049,77
NSGA3_DistanciaMedia	2094,40
NSGA3_TempoMedio	1841,01
NSGA3_CombustivelMedio	1059,85
NSGA3_FitnessPonderadoMin	4959,16
NSGA3_FitnessPonderadoMedio	4987,51
NSGA3_TamanhoFrente	11
TempoExecucao(ms)	476635
Parametros	Pop=600; Geracoes=3000; Pc=1,00; Pm=0,01

=== DIAGNOSTICO ===
Solucoes criadas: 596
Total avaliacoes: 1788596
Solucoes unicas: 29183

=== HISTORICO DE EVOLUCAO ===
Eval	BestDist	BestTime	BestFuel
5000	2330,35	1961,21	1181,03
10000	2330,35	1950,46	1181,03
15000	2330,35	1950,46	1181,03
20000	2330,35	1948,59	1181,03
25000	2330,35	1948,59	1181,03
30000	2318,62	1941,35	1177,13
35000	2318,62	1941,35	1177,13
40000	2318,62	1941,35	1175,25
45000	2309,88	1936,83	1171,58
50000	2309,88	1936,80	1171,58
55000	2309,88	1936,80	1170,75
60000	2301,82	1936,80	1167,30
65000	2301,82	1936,80	1167,30
70000	2279,97	1934,17	1158,53
75000	2279,97	1934,17	1158,53
80000	2279,97	1928,42	1158,53
85000	2279,97	1926,20	1158,53
90000	2279,97	1926,20	1158,53
95000	2279,97	1922,06	1158,53
100000	2277,19	1920,95	1157,32
105000	2277,19	1912,83	1156,05
110000	2273,86	1912,83	1154,55
115000	2273,86	1912,83	1154,55
120000	2273,86	1912,83	1154,55
125000	2273,86	1912,83	1150,28
130000	2273,86	1912,83	1150,28
135000	2273,86	1908,33	1150,28
140000	2271,08	1908,33	1150,28
145000	2267,98	1908,33	1150,28
150000	2267,98	1908,33	1150,28
155000	2267,98	1908,33	1150,28
160000	2267,98	1908,33	1150,28
165000	2267,98	1908,33	1150,28
170000	2257,36	1908,33	1148,55
175000	2257,36	1908,33	1148,55
180000	2237,34	1905,85	1136,70
185000	2237,34	1905,85	1136,70
190000	2237,34	1905,85	1136,70
195000	2237,34	1905,38	1136,70
200000	2237,34	1905,38	1136,70
205000	2237,34	1905,38	1136,70
210000	2237,34	1900,94	1136,70
215000	2237,34	1900,94	1136,70
220000	2222,42	1900,88	1131,67
225000	2222,42	1900,88	1131,67
230000	2222,42	1900,88	1131,67
235000	2222,42	1900,88	1131,67
240000	2222,42	1900,88	1131,67
245000	2222,42	1900,88	1131,67
250000	2222,42	1893,62	1131,67
255000	2222,42	1893,62	1131,67
260000	2222,42	1893,62	1131,67
265000	2219,98	1893,62	1129,73
270000	2219,98	1893,62	1127,48
275000	2219,98	1893,27	1127,48
280000	2218,86	1893,27	1126,05
285000	2215,79	1893,27	1126,05
290000	2215,79	1892,02	1126,05
295000	2208,93	1892,02	1126,05
300000	2208,93	1891,99	1126,05
305000	2208,93	1891,99	1126,05
310000	2207,90	1891,99	1124,32
315000	2207,90	1887,18	1124,32
320000	2207,90	1887,18	1124,32
325000	2207,90	1887,18	1124,32
330000	2207,90	1887,18	1124,32
335000	2207,90	1887,18	1124,32
340000	2207,90	1887,18	1124,32
345000	2207,90	1887,18	1124,32
350000	2207,90	1886,69	1124,32
355000	2207,90	1886,69	1124,32
360000	2200,09	1884,57	1123,43
365000	2200,09	1884,57	1119,82
370000	2200,00	1880,43	1119,82
375000	2200,00	1880,43	1118,17
380000	2200,00	1880,43	1118,17
385000	2200,00	1880,43	1118,17
390000	2200,00	1880,43	1118,17
395000	2200,00	1880,43	1118,17
400000	2200,00	1880,43	1118,17
405000	2197,85	1879,24	1118,17
410000	2197,85	1879,24	1118,17
415000	2197,85	1879,24	1118,17
420000	2197,85	1878,41	1118,17
425000	2197,85	1873,79	1118,17
430000	2194,29	1870,79	1114,80
435000	2194,29	1870,79	1114,80
440000	2194,29	1870,79	1114,80
445000	2188,31	1870,79	1114,80
450000	2188,31	1870,79	1114,80
455000	2188,31	1870,79	1114,80
460000	2188,31	1870,79	1114,80
465000	2188,31	1860,30	1114,80
470000	2188,31	1860,30	1114,80
475000	2188,31	1860,30	1114,80
480000	2188,31	1860,30	1114,80
485000	2188,31	1860,30	1114,80
490000	2188,31	1860,30	1114,80
495000	2188,31	1859,82	1114,35
500000	2188,31	1859,82	1114,35
505000	2188,31	1859,82	1112,40
510000	2188,31	1858,30	1112,40
515000	2188,31	1858,30	1112,40
520000	2188,31	1858,30	1110,07
525000	2188,31	1858,30	1110,07
530000	2188,31	1858,30	1110,07
535000	2188,31	1858,30	1110,07
540000	2188,31	1858,30	1110,07
545000	2188,31	1858,30	1110,07
550000	2188,31	1858,30	1110,07
555000	2188,31	1858,30	1110,07
560000	2188,31	1858,30	1110,07
565000	2188,31	1858,30	1110,07
570000	2188,31	1858,30	1110,07
575000	2188,31	1858,30	1110,07
580000	2188,31	1858,30	1110,07
585000	2188,31	1858,30	1110,07
590000	2188,31	1858,30	1110,07
595000	2188,31	1858,30	1110,07
600000	2184,63	1858,30	1107,98
605000	2184,63	1858,30	1107,98
610000	2184,63	1858,30	1107,98
615000	2184,63	1858,30	1107,98
620000	2184,63	1858,30	1107,98
625000	2184,63	1858,30	1107,98
630000	2184,63	1858,30	1107,98
635000	2184,63	1858,30	1107,98
640000	2184,63	1858,30	1107,98
645000	2180,71	1858,30	1107,98
650000	2179,39	1858,30	1107,98
655000	2179,39	1857,82	1107,98
660000	2179,39	1857,82	1107,98
665000	2176,71	1856,70	1107,98
670000	2176,71	1856,70	1107,98
675000	2176,71	1856,70	1107,98
680000	2176,71	1856,70	1107,98
685000	2176,71	1856,70	1107,98
690000	2176,71	1856,70	1107,90
695000	2176,71	1856,70	1106,25
700000	2176,71	1856,70	1106,25
705000	2176,71	1856,70	1106,25
710000	2176,71	1856,70	1106,25
715000	2176,71	1856,70	1106,25
720000	2176,71	1856,70	1106,25
725000	2176,71	1856,70	1106,25
730000	2173,16	1856,70	1103,18
735000	2173,16	1856,70	1103,18
740000	2173,16	1856,70	1103,18
745000	2173,16	1856,70	1103,18
750000	2173,16	1856,70	1103,18
755000	2173,16	1856,70	1103,18
760000	2173,16	1856,70	1103,18
765000	2173,16	1856,70	1103,18
770000	2173,16	1856,70	1103,18
775000	2173,16	1856,70	1103,18
780000	2173,16	1856,70	1103,18
785000	2173,16	1856,70	1103,18
790000	2173,16	1856,70	1103,18
795000	2173,16	1856,70	1103,18
800000	2173,16	1856,70	1103,18
805000	2173,16	1856,22	1103,18
810000	2170,54	1856,22	1103,18
815000	2170,54	1856,22	1103,18
820000	2170,54	1856,22	1103,18
825000	2170,54	1856,22	1103,18
830000	2170,54	1856,22	1103,18
835000	2170,54	1856,22	1103,18
840000	2170,54	1856,22	1103,18
845000	2170,54	1855,75	1103,18
850000	2170,54	1855,75	1103,18
855000	2170,54	1855,75	1103,18
860000	2170,54	1855,75	1103,18
865000	2170,54	1855,75	1103,18
870000	2170,54	1855,75	1103,18
875000	2170,54	1855,75	1103,18
880000	2170,54	1854,30	1103,18
885000	2170,54	1854,30	1103,18
890000	2170,54	1854,30	1103,18
895000	2170,54	1854,30	1103,18
900000	2170,54	1853,82	1101,15
905000	2170,54	1853,82	1101,15
910000	2170,54	1853,82	1101,15
915000	2170,54	1853,82	1101,15
920000	2170,54	1853,82	1101,15
925000	2170,54	1853,82	1101,15
930000	2170,54	1853,82	1101,15
935000	2170,54	1853,82	1101,15
940000	2170,54	1853,82	1101,15
945000	2170,54	1853,82	1101,15
950000	2170,54	1853,82	1101,15
955000	2170,54	1852,87	1101,15
960000	2170,54	1852,87	1101,15
965000	2170,54	1852,87	1101,15
970000	2170,54	1852,87	1101,15
975000	2170,54	1852,87	1101,15
980000	2170,54	1852,87	1101,15
985000	2170,54	1852,87	1101,15
990000	2170,54	1852,87	1101,15
995000	2168,11	1852,87	1101,15
1000000	2166,99	1852,87	1101,15
1005000	2166,99	1852,87	1101,15
1010000	2166,99	1852,87	1101,15
1015000	2166,99	1852,87	1101,15
1020000	2166,99	1852,87	1101,15
1025000	2166,99	1852,87	1101,15
1030000	2166,99	1852,87	1101,15
1035000	2166,99	1852,87	1101,15
1040000	2166,99	1852,87	1101,15
1045000	2166,99	1852,87	1101,15
1050000	2166,99	1852,87	1101,15
1055000	2166,99	1852,87	1101,15
1060000	2166,99	1852,87	1101,15
1065000	2166,99	1852,87	1098,15
1070000	2166,99	1852,87	1098,15
1075000	2166,99	1852,87	1098,15
1080000	2166,99	1852,87	1098,15
1085000	2166,99	1852,87	1098,15
1090000	2166,99	1852,87	1098,15
1095000	2166,99	1852,87	1098,15
1100000	2166,99	1852,87	1098,15
1105000	2166,99	1852,87	1098,15
1110000	2166,99	1852,87	1098,15
1115000	2166,99	1852,87	1098,15
1120000	2166,99	1852,87	1098,15
1125000	2166,99	1852,87	1098,15
1130000	2166,99	1852,87	1098,15
1135000	2166,99	1852,87	1098,15
1140000	2166,99	1852,87	1098,15
1145000	2166,99	1852,87	1098,15
1150000	2166,99	1852,87	1098,15
1155000	2165,51	1852,87	1098,15
1160000	2165,51	1852,87	1098,15
1165000	2165,51	1852,87	1098,15
1170000	2165,51	1852,87	1098,15
1175000	2165,51	1852,87	1098,15
1180000	2165,51	1852,87	1098,15
1185000	2165,51	1852,87	1098,15
1190000	2165,51	1852,87	1098,15
1195000	2165,51	1852,87	1098,15
1200000	2165,51	1852,87	1098,15
1205000	2165,51	1852,87	1098,15
1210000	2165,51	1852,87	1098,15
1215000	2165,51	1852,87	1098,15
1220000	2165,51	1852,87	1098,15
1225000	2165,51	1852,87	1098,15
1230000	2165,51	1852,87	1098,15
1235000	2165,51	1852,87	1098,15
1240000	2165,51	1852,87	1098,15
1245000	2165,51	1852,87	1098,15
1250000	2165,51	1852,87	1098,15
1255000	2165,51	1852,87	1098,15
1260000	2165,51	1852,87	1098,15
1265000	2165,51	1852,87	1098,15
1270000	2165,51	1852,87	1098,15
1275000	2165,51	1852,87	1098,15
1280000	2165,51	1852,87	1098,15
1285000	2165,51	1852,87	1098,15
1290000	2165,51	1851,87	1098,15
1295000	2165,51	1851,87	1098,15
1300000	2165,51	1851,87	1098,15
1305000	2165,51	1851,87	1098,15
1310000	2153,89	1851,87	1094,18
1315000	2153,89	1851,87	1094,18
1320000	2153,89	1851,87	1094,18
1325000	2153,89	1851,87	1094,18
1330000	2153,89	1851,87	1094,18
1335000	2153,89	1851,87	1094,18
1340000	2153,89	1851,87	1094,18
1345000	2153,89	1851,87	1094,18
1350000	2153,89	1851,87	1094,18
1355000	2153,89	1851,87	1094,18
1360000	2144,06	1851,87	1085,03
1365000	2144,06	1849,54	1085,03
1370000	2135,88	1849,54	1078,58
1375000	2135,88	1849,54	1078,58
1380000	2135,88	1849,54	1078,58
1385000	2135,88	1849,54	1078,58
1390000	2135,88	1849,54	1078,58
1395000	2135,88	1849,54	1078,58
1400000	2135,88	1849,54	1078,58
1405000	2135,88	1849,54	1078,58
1410000	2135,88	1849,54	1078,58
1415000	2135,88	1849,54	1078,58
1420000	2135,88	1849,54	1078,58
1425000	2135,88	1849,54	1078,58
1430000	2135,88	1849,54	1078,58
1435000	2135,88	1849,54	1078,58
1440000	2135,88	1849,54	1078,58
1445000	2135,88	1849,54	1078,58
1450000	2135,88	1849,54	1078,58
1455000	2135,88	1849,54	1078,58
1460000	2135,88	1849,54	1078,58
1465000	2135,88	1849,54	1078,58
1470000	2135,88	1849,54	1078,58
1475000	2135,88	1849,54	1078,58
1480000	2135,88	1849,54	1078,58
1485000	2135,88	1849,54	1078,58
1490000	2135,88	1849,54	1078,58
1495000	2135,88	1849,54	1078,58
1500000	2135,88	1849,54	1078,58
1505000	2135,88	1849,54	1078,58
1510000	2135,88	1849,54	1078,58
1515000	2135,88	1849,54	1078,58
1520000	2135,88	1849,54	1078,58
1525000	2135,88	1849,54	1078,58
1530000	2135,88	1849,54	1078,58
1535000	2135,88	1849,54	1078,58
1540000	2133,86	1849,54	1077,82
1545000	2133,86	1849,54	1077,82
1550000	2133,86	1849,54	1075,20
1555000	2133,86	1849,54	1075,20
1560000	2119,94	1849,54	1064,63
1565000	2119,94	1849,54	1064,63
1570000	2119,94	1849,54	1064,63
1575000	2119,94	1849,54	1064,63
1580000	2119,94	1849,54	1064,63
1585000	2119,94	1849,54	1064,63
1590000	2119,94	1849,54	1064,63
1595000	2119,94	1849,54	1064,63
1600000	2119,94	1849,54	1064,63
1605000	2119,94	1849,54	1064,63
1610000	2119,94	1849,54	1064,63
1615000	2119,94	1849,54	1064,63
1620000	2119,94	1849,54	1064,63
1625000	2119,94	1848,59	1064,63
1630000	2119,94	1834,38	1064,63
1635000	2119,94	1834,38	1064,63
1640000	2117,20	1834,38	1064,63
1645000	2117,20	1834,38	1064,63
1650000	2117,20	1834,38	1064,40
1655000	2117,20	1822,11	1064,40
1660000	2111,24	1822,11	1064,40
1665000	2111,24	1822,11	1064,40
1670000	2103,35	1822,11	1064,40
1675000	2103,35	1822,11	1064,40
1680000	2085,62	1822,11	1059,53
1685000	2085,62	1822,11	1059,53
1690000	2085,62	1822,11	1059,53
1695000	2085,62	1822,11	1057,12
1700000	2085,62	1822,11	1057,12
1705000	2085,62	1822,11	1057,12
1710000	2085,62	1822,11	1057,12
1715000	2085,62	1822,11	1057,12
1720000	2085,62	1822,11	1057,12
1725000	2085,62	1822,11	1057,12
1730000	2085,62	1822,11	1057,12
1735000	2085,62	1817,50	1057,12
1740000	2083,13	1817,50	1055,93
1745000	2083,13	1817,50	1055,93
1750000	2083,13	1817,50	1055,93
1755000	2083,13	1817,50	1049,77
1760000	2083,13	1817,50	1049,77
1765000	2083,13	1817,50	1049,77
1770000	2081,07	1817,50	1049,77
1775000	2081,07	1817,50	1049,77
1780000	2081,07	1817,50	1049,77
1785000	2081,07	1817,50	1049,77

=== MELHOR SOLUCAO (Fitness Ponderado Minimo) ===
Fitness Ponderado: 4959,160046
Distancia: 2085,62
Tempo: 1828,15
Combustivel: 1059,53

Veiculo 0: 9 clientes, demanda: 111/200, rota: [92, 95, 62, 30, 50, 56, 91, 93, 80]
Veiculo 1: 7 clientes, demanda: 127/200, rota: [31, 29, 27, 34, 68, 70, 100]
Veiculo 2: 5 clientes, demanda: 66/200, rota: [63, 33, 28, 26, 32]
Veiculo 3: 8 clientes, demanda: 152/200, rota: [42, 39, 44, 40, 38, 41, 54, 96]
Veiculo 4: 6 clientes, demanda: 86/200, rota: [82, 52, 99, 86, 57, 74]
Veiculo 5: 8 clientes, demanda: 140/200, rota: [45, 5, 7, 8, 3, 46, 4, 1]
Veiculo 6: 6 clientes, demanda: 115/200, rota: [64, 76, 51, 84, 48, 25]
Veiculo 7: 5 clientes, demanda: 91/200, rota: [75, 87, 97, 58, 77]
Veiculo 8: 8 clientes, demanda: 132/200, rota: [47, 14, 12, 78, 53, 10, 13, 17]
Veiculo 9: 7 clientes, demanda: 154/200, rota: [83, 23, 19, 49, 22, 20, 24]
Veiculo 10: 4 clientes, demanda: 74/200, rota: [59, 21, 18, 89]
Veiculo 11: 5 clientes, demanda: 71/200, rota: [72, 71, 81, 94, 66]
Veiculo 12: 5 clientes, demanda: 116/200, rota: [11, 15, 16, 9, 55]
Veiculo 13: 2 clientes, demanda: 11/200, rota: [67, 85]
Veiculo 14: 3 clientes, demanda: 70/200, rota: [36, 35, 37]
Veiculo 15: 5 clientes, demanda: 80/200, rota: [98, 88, 73, 79, 60]
Veiculo 16: 2 clientes, demanda: 50/200, rota: [2, 6]
Veiculo 17: 2 clientes, demanda: 29/200, rota: [61, 43]
Veiculo 18: 2 clientes, demanda: 33/200, rota: [69, 90]
Veiculo 19: 1 clientes, demanda: 16/200, rota: [65]
