Subpopulacao\Geracao	gFinal
NSGA3_DistanciaMin	2073,38
NSGA3_TempoMin	1778,85
NSGA3_CombustivelMin	1052,10
NSGA3_DistanciaMedia	2106,76
NSGA3_TempoMedio	1783,77
NSGA3_CombustivelMedio	1065,41
NSGA3_FitnessPonderadoMin	4881,85
NSGA3_FitnessPonderadoMedio	4895,88
NSGA3_TamanhoFrente	5
TempoExecucao(ms)	473816
Parametros	Pop=600; Geracoes=3000; Pc=1,00; Pm=0,01

=== DIAGNOSTICO ===
Solucoes criadas: 596
Total avaliacoes: 1788596
Solucoes unicas: 31058

=== HISTORICO DE EVOLUCAO ===
Eval	BestDist	BestTime	BestFuel
5000	2329,37	1957,23	1178,32
10000	2329,37	1950,46	1178,32
15000	2326,65	1948,00	1177,95
20000	2290,27	1948,00	1159,28
25000	2290,27	1934,59	1159,28
30000	2281,97	1924,75	1155,07
35000	2281,97	1924,75	1155,07
40000	2281,97	1924,13	1155,07
45000	2281,97	1924,13	1155,07
50000	2281,97	1924,13	1155,07
55000	2281,63	1924,13	1153,88
60000	2281,63	1924,13	1153,88
65000	2281,63	1924,13	1153,88
70000	2262,30	1924,13	1143,23
75000	2262,30	1924,13	1143,23
80000	2262,30	1924,13	1143,23
85000	2262,30	1917,75	1143,23
90000	2262,30	1917,75	1143,23
95000	2262,30	1916,73	1143,23
100000	2262,30	1916,73	1143,23
105000	2262,30	1912,71	1143,23
110000	2262,30	1907,59	1143,23
115000	2262,30	1907,59	1143,23
120000	2262,30	1907,59	1143,23
125000	2262,30	1907,59	1143,23
130000	2258,06	1907,59	1143,23
135000	2258,06	1907,26	1143,23
140000	2258,06	1907,26	1143,23
145000	2256,61	1907,26	1143,23
150000	2256,61	1905,31	1143,23
155000	2250,50	1905,31	1143,23
160000	2244,57	1905,31	1137,38
165000	2244,57	1905,31	1137,38
170000	2234,90	1900,26	1133,02
175000	2234,90	1899,41	1133,02
180000	2234,90	1899,41	1133,02
185000	2234,90	1899,41	1133,02
190000	2234,90	1899,41	1133,02
195000	2234,90	1899,41	1133,02
200000	2234,90	1895,68	1133,02
205000	2234,90	1895,68	1133,02
210000	2234,90	1895,68	1133,02
215000	2234,90	1895,68	1133,02
220000	2234,90	1895,68	1133,02
225000	2234,90	1895,68	1133,02
230000	2234,90	1895,68	1133,02
235000	2234,90	1895,68	1133,02
240000	2234,90	1895,68	1133,02
245000	2234,90	1895,62	1133,02
250000	2234,90	1895,62	1133,02
255000	2215,45	1895,62	1121,78
260000	2215,45	1895,62	1121,78
265000	2215,45	1894,29	1121,78
270000	2215,45	1894,29	1121,78
275000	2215,45	1894,29	1121,78
280000	2215,45	1894,05	1121,78
285000	2215,45	1894,05	1121,78
290000	2215,45	1894,05	1121,78
295000	2215,45	1893,49	1121,78
300000	2215,45	1893,04	1121,78
305000	2215,45	1893,04	1121,78
310000	2215,45	1890,56	1121,78
315000	2215,45	1890,54	1121,78
320000	2215,45	1890,54	1121,78
325000	2215,45	1890,04	1121,78
330000	2215,45	1888,68	1121,78
335000	2215,45	1888,68	1121,78
340000	2215,45	1888,68	1121,78
345000	2215,45	1888,68	1121,78
350000	2215,45	1888,68	1121,78
355000	2210,52	1881,53	1121,78
360000	2210,52	1881,53	1121,78
365000	2210,52	1880,76	1121,78
370000	2210,52	1880,76	1121,78
375000	2210,52	1880,76	1121,78
380000	2210,52	1880,76	1121,48
385000	2210,52	1880,76	1121,48
390000	2210,52	1879,57	1121,48
395000	2210,52	1879,57	1121,48
400000	2210,52	1879,57	1121,48
405000	2200,83	1873,57	1118,48
410000	2200,83	1871,29	1118,40
415000	2200,83	1871,29	1118,40
420000	2200,83	1871,29	1118,40
425000	2200,60	1871,29	1117,65
430000	2200,60	1871,29	1116,37
435000	2199,23	1869,29	1116,15
440000	2198,47	1869,29	1116,15
445000	2197,22	1869,29	1116,15
450000	2197,22	1869,29	1116,15
455000	2197,22	1869,29	1116,15
460000	2197,22	1869,29	1116,15
465000	2196,59	1869,29	1115,25
470000	2196,59	1860,30	1115,25
475000	2196,59	1860,30	1115,25
480000	2196,59	1860,30	1112,85
485000	2196,59	1860,30	1112,85
490000	2194,96	1860,30	1112,85
495000	2194,96	1860,30	1110,53
500000	2187,53	1860,30	1110,53
505000	2187,53	1860,30	1110,53
510000	2185,76	1860,30	1110,53
515000	2185,76	1860,30	1110,53
520000	2185,76	1859,40	1110,53
525000	2185,76	1859,40	1110,53
530000	2185,76	1859,40	1110,53
535000	2185,76	1859,40	1110,53
540000	2185,76	1859,40	1110,53
545000	2182,92	1859,40	1110,53
550000	2182,92	1859,40	1109,93
555000	2182,92	1858,30	1109,93
560000	2182,92	1858,30	1109,93
565000	2182,09	1858,30	1109,93
570000	2182,09	1858,30	1109,93
575000	2182,09	1858,30	1107,90
580000	2182,09	1858,30	1107,90
585000	2182,09	1858,30	1107,90
590000	2182,09	1858,30	1107,90
595000	2182,09	1858,30	1107,90
600000	2182,09	1858,30	1107,90
605000	2182,09	1858,30	1107,90
610000	2182,09	1858,30	1107,90
615000	2182,09	1858,30	1107,90
620000	2182,09	1849,65	1107,30
625000	2182,09	1847,65	1107,30
630000	2182,09	1847,65	1107,30
635000	2182,09	1847,65	1107,30
640000	2182,09	1847,65	1107,30
645000	2182,09	1847,65	1107,30
650000	2182,09	1847,65	1107,30
655000	2182,09	1847,65	1107,30
660000	2182,09	1847,65	1107,30
665000	2182,09	1847,65	1107,30
670000	2182,09	1847,65	1107,30
675000	2179,10	1847,65	1107,30
680000	2179,10	1847,65	1107,30
685000	2178,32	1847,65	1107,30
690000	2178,32	1847,65	1107,15
695000	2178,32	1847,65	1107,15
700000	2178,32	1847,65	1107,15
705000	2178,32	1847,65	1107,15
710000	2178,32	1847,65	1107,15
715000	2178,32	1847,65	1107,15
720000	2178,32	1847,65	1107,15
725000	2178,32	1847,65	1107,15
730000	2178,32	1847,65	1107,15
735000	2178,32	1847,65	1107,15
740000	2178,32	1847,65	1107,15
745000	2178,32	1847,65	1107,15
750000	2178,32	1846,05	1107,15
755000	2178,32	1846,05	1103,62
760000	2178,32	1846,05	1103,62
765000	2178,32	1846,05	1103,62
770000	2177,08	1846,05	1103,62
775000	2177,08	1846,05	1103,62
780000	2177,08	1846,05	1103,62
785000	2177,08	1846,05	1103,62
790000	2174,98	1846,05	1103,62
795000	2174,98	1846,05	1103,62
800000	2174,98	1846,05	1103,62
805000	2174,98	1846,05	1103,62
810000	2174,98	1846,05	1103,62
815000	2174,98	1846,05	1103,62
820000	2174,98	1846,05	1103,62
825000	2174,98	1846,05	1103,62
830000	2174,98	1846,05	1103,62
835000	2174,98	1846,05	1103,62
840000	2174,98	1846,05	1103,62
845000	2174,98	1846,05	1103,62
850000	2174,98	1846,05	1103,62
855000	2174,98	1846,05	1103,62
860000	2174,98	1846,05	1103,62
865000	2174,98	1846,05	1103,62
870000	2174,98	1846,05	1103,62
875000	2173,18	1846,05	1099,65
880000	2173,18	1846,05	1099,65
885000	2173,18	1846,05	1099,65
890000	2173,18	1846,05	1099,65
895000	2173,18	1846,05	1099,65
900000	2173,18	1846,05	1099,65
905000	2173,18	1846,05	1099,65
910000	2173,18	1846,05	1099,65
915000	2172,89	1846,05	1099,65
920000	2172,89	1846,05	1099,65
925000	2172,89	1846,05	1099,65
930000	2152,76	1846,05	1092,90
935000	2152,76	1846,05	1092,90
940000	2152,76	1846,05	1092,90
945000	2152,76	1846,05	1092,90
950000	2152,76	1846,05	1092,90
955000	2152,76	1846,05	1092,90
960000	2152,76	1846,05	1092,90
965000	2152,76	1846,05	1092,90
970000	2152,76	1846,05	1092,90
975000	2152,76	1846,05	1092,90
980000	2152,76	1846,05	1092,90
985000	2152,76	1846,05	1092,90
990000	2152,76	1846,05	1092,90
995000	2152,76	1846,05	1092,90
1000000	2145,01	1846,05	1086,82
1005000	2145,01	1846,05	1086,82
1010000	2145,01	1846,05	1086,82
1015000	2139,65	1843,65	1085,85
1020000	2139,65	1842,38	1085,85
1025000	2139,65	1842,38	1085,85
1030000	2139,65	1842,38	1085,85
1035000	2139,65	1842,38	1085,85
1040000	2139,65	1842,38	1085,85
1045000	2139,65	1842,38	1085,85
1050000	2139,65	1842,38	1085,85
1055000	2139,65	1842,38	1085,85
1060000	2137,20	1842,38	1082,18
1065000	2134,62	1842,38	1080,90
1070000	2134,62	1842,38	1080,90
1075000	2132,28	1842,38	1080,90
1080000	2132,28	1842,38	1080,90
1085000	2132,28	1842,38	1080,90
1090000	2132,28	1841,40	1080,90
1095000	2129,79	1841,40	1077,82
1100000	2129,79	1841,40	1077,82
1105000	2129,79	1841,40	1077,82
1110000	2129,79	1841,40	1077,82
1115000	2129,79	1841,40	1077,82
1120000	2129,79	1841,40	1077,82
1125000	2129,79	1841,40	1077,82
1130000	2120,71	1829,36	1077,82
1135000	2120,71	1829,36	1077,82
1140000	2120,71	1829,36	1072,12
1145000	2120,71	1829,36	1072,12
1150000	2120,71	1829,36	1072,12
1155000	2120,71	1829,36	1072,12
1160000	2104,02	1829,36	1066,50
1165000	2104,02	1829,36	1066,50
1170000	2104,02	1829,36	1066,50
1175000	2104,02	1826,86	1066,50
1180000	2104,02	1826,86	1066,50
1185000	2100,78	1826,86	1066,50
1190000	2100,78	1826,86	1066,50
1195000	2100,78	1823,18	1066,50
1200000	2098,29	1823,18	1062,90
1205000	2098,29	1823,18	1062,90
1210000	2098,29	1822,18	1062,90
1215000	2098,29	1822,18	1062,90
1220000	2098,29	1822,18	1061,10
1225000	2098,29	1822,18	1061,10
1230000	2098,29	1822,18	1061,10
1235000	2098,12	1822,18	1061,10
1240000	2098,12	1819,80	1061,10
1245000	2098,12	1819,80	1061,10
1250000	2098,12	1819,80	1060,27
1255000	2096,65	1819,80	1060,27
1260000	2096,65	1819,80	1060,27
1265000	2096,65	1814,24	1060,27
1270000	2096,65	1814,24	1060,27
1275000	2096,65	1814,24	1060,27
1280000	2096,47	1814,24	1060,27
1285000	2096,47	1814,24	1060,27
1290000	2096,47	1814,24	1060,27
1295000	2096,47	1814,24	1060,27
1300000	2096,47	1814,24	1060,27
1305000	2096,47	1813,11	1060,27
1310000	2096,47	1809,50	1060,27
1315000	2096,47	1809,50	1060,27
1320000	2094,58	1809,50	1060,27
1325000	2094,58	1809,50	1060,27
1330000	2094,58	1809,50	1060,27
1335000	2094,58	1809,50	1060,27
1340000	2094,58	1809,50	1060,27
1345000	2094,58	1809,50	1060,27
1350000	2094,58	1807,55	1060,27
1355000	2094,58	1807,55	1060,27
1360000	2094,58	1807,55	1060,27
1365000	2094,58	1807,55	1060,27
1370000	2094,58	1807,55	1060,27
1375000	2088,56	1807,55	1060,27
1380000	2088,56	1807,55	1060,27
1385000	2088,56	1807,55	1060,27
1390000	2088,56	1807,55	1060,27
1395000	2088,56	1807,55	1060,27
1400000	2088,56	1807,55	1060,27
1405000	2088,56	1807,55	1060,27
1410000	2088,56	1807,55	1060,27
1415000	2088,56	1806,75	1060,27
1420000	2088,56	1806,75	1060,27
1425000	2088,56	1806,75	1060,27
1430000	2088,56	1806,75	1060,27
1435000	2088,56	1806,75	1060,27
1440000	2088,56	1806,75	1060,27
1445000	2088,56	1803,88	1060,27
1450000	2088,56	1803,88	1060,27
1455000	2088,56	1803,88	1060,27
1460000	2087,99	1803,88	1060,27
1465000	2087,99	1803,88	1060,27
1470000	2087,99	1803,88	1060,27
1475000	2087,99	1803,88	1060,27
1480000	2087,99	1803,81	1060,27
1485000	2087,99	1803,81	1060,27
1490000	2087,99	1803,81	1059,82
1495000	2087,99	1803,81	1059,82
1500000	2087,99	1803,81	1059,82
1505000	2087,99	1803,81	1059,82
1510000	2087,99	1803,81	1059,82
1515000	2087,99	1797,37	1059,82
1520000	2087,99	1797,37	1059,82
1525000	2087,99	1797,37	1059,82
1530000	2087,99	1797,37	1059,82
1535000	2087,99	1797,37	1059,82
1540000	2087,99	1797,37	1059,82
1545000	2087,99	1797,37	1059,82
1550000	2087,99	1797,37	1059,82
1555000	2087,99	1797,37	1059,82
1560000	2087,99	1797,37	1059,82
1565000	2087,99	1797,37	1059,82
1570000	2087,99	1797,37	1059,82
1575000	2087,99	1797,37	1059,82
1580000	2087,99	1797,37	1059,82
1585000	2087,99	1797,37	1059,82
1590000	2087,99	1797,37	1059,82
1595000	2087,99	1797,37	1059,82
1600000	2087,99	1797,37	1059,82
1605000	2087,99	1797,37	1059,82
1610000	2087,99	1797,37	1059,82
1615000	2087,99	1797,37	1059,82
1620000	2087,99	1797,37	1059,82
1625000	2087,99	1797,37	1059,82
1630000	2087,99	1797,37	1059,82
1635000	2087,99	1795,70	1059,82
1640000	2087,99	1795,70	1059,82
1645000	2087,99	1795,70	1059,82
1650000	2087,99	1795,70	1059,82
1655000	2087,99	1793,70	1059,82
1660000	2087,99	1793,70	1059,82
1665000	2087,99	1793,70	1059,82
1670000	2087,99	1793,70	1059,82
1675000	2087,99	1793,70	1059,82
1680000	2087,99	1793,70	1059,82
1685000	2087,99	1793,70	1059,82
1690000	2087,99	1793,70	1059,82
1695000	2087,99	1792,48	1059,82
1700000	2087,99	1792,48	1059,82
1705000	2087,99	1783,99	1059,82
1710000	2087,99	1783,99	1059,82
1715000	2087,99	1781,49	1059,82
1720000	2087,99	1781,49	1059,82
1725000	2087,99	1781,49	1058,02
1730000	2087,99	1781,49	1058,02
1735000	2087,99	1781,49	1057,20
1740000	2087,99	1781,49	1057,20
1745000	2087,99	1781,49	1057,20
1750000	2087,99	1781,49	1057,20
1755000	2087,99	1781,49	1057,20
1760000	2087,99	1781,49	1057,20
1765000	2087,99	1778,85	1057,20
1770000	2087,99	1778,85	1057,20
1775000	2087,99	1778,85	1057,20
1780000	2087,99	1778,85	1057,20
1785000	2073,38	1778,85	1052,10

=== MELHOR SOLUCAO (Fitness Ponderado Minimo) ===
Fitness Ponderado: 4881,850701
Distancia: 2073,38
Tempo: 1792,98
Combustivel: 1052,10

Veiculo 0: 9 clientes, demanda: 110/200, rota: [92, 95, 62, 67, 50, 56, 91, 93, 80]
Veiculo 1: 7 clientes, demanda: 127/200, rota: [31, 29, 27, 34, 68, 70, 100]
Veiculo 2: 5 clientes, demanda: 70/200, rota: [33, 30, 28, 26, 32]
Veiculo 3: 8 clientes, demanda: 182/200, rota: [42, 39, 36, 40, 38, 41, 54, 96]
Veiculo 4: 6 clientes, demanda: 105/200, rota: [59, 52, 86, 57, 66, 55]
Veiculo 5: 8 clientes, demanda: 150/200, rota: [45, 5, 2, 8, 3, 46, 4, 1]
Veiculo 6: 6 clientes, demanda: 88/200, rota: [63, 76, 51, 85, 48, 25]
Veiculo 7: 4 clientes, demanda: 84/200, rota: [75, 87, 97, 58]
Veiculo 8: 8 clientes, demanda: 132/200, rota: [47, 14, 12, 78, 53, 10, 13, 17]
Veiculo 9: 8 clientes, demanda: 141/200, rota: [83, 21, 23, 18, 22, 20, 24, 77]
Veiculo 10: 4 clientes, demanda: 75/200, rota: [64, 19, 49, 74]
Veiculo 11: 5 clientes, demanda: 87/200, rota: [69, 44, 37, 43, 35]
Veiculo 12: 4 clientes, demanda: 100/200, rota: [11, 15, 16, 9]
Veiculo 13: 3 clientes, demanda: 66/200, rota: [94, 84, 89]
Veiculo 14: 3 clientes, demanda: 32/200, rota: [72, 71, 81]
Veiculo 15: 5 clientes, demanda: 80/200, rota: [98, 88, 73, 79, 60]
Veiculo 16: 2 clientes, demanda: 40/200, rota: [7, 6]
Veiculo 17: 1 clientes, demanda: 9/200, rota: [61]
Veiculo 18: 3 clientes, demanda: 30/200, rota: [82, 99, 90]
Veiculo 19: 1 clientes, demanda: 16/200, rota: [65]
