# VRP NSGA-III - Frente de Pareto
# Tempo: 475672 ms | Tamanho: 14
# Formato: Distancia Tempo Combustivel FitnessPonderado

2013,865674 1778,573841 1021,650000 4805,269971
2009,386265 1780,199824 1021,650000 4802,416545
2007,967298 1791,486722 1018,050000 4814,936380
2011,877200 1765,289994 1025,250000 4788,036854
2009,778362 1782,688276 1021,125000 4811,023997
2012,090944 1791,023589 1019,775000 4820,321892
2018,397525 1752,808410 1024,650000 4781,475595
2010,068815 1793,551281 1015,425000 4816,477455
2020,385999 1766,932871 1021,725000 4800,224325
2014,487623 1779,845752 1018,125000 4809,890734
2016,589140 1781,910311 1015,500000 4811,431810
2015,906590 1767,718240 1021,050000 4795,855285
2018,611269 1779,382619 1019,850000 4815,276247
2016,298687 1770,206692 1020,525000 4804,462738
