# VRP NSGA-III - Frente de Pareto
# Tempo: 471261 ms | Tamanho: 8
# Formato: Distancia Tempo Combustivel FitnessPonderado

2159,991765 1877,114184 1098,675000 5118,294561
2163,023324 1872,668721 1097,400000 5115,605656
2161,106830 1846,446107 1098,375000 5110,677937
2157,969636 1879,641877 1094,325000 5114,450125
2160,921807 1870,604162 1100,025000 5114,064580
2155,868120 1877,577318 1096,950000 5112,909049
2166,550917 1873,926503 1097,100000 5120,091032
2208,778455 1845,137387 1120,725000 5139,131782
