# VRP NSGA-III - Frente de Pareto
# Tempo: 471915 ms | Tamanho: 17
# Formato: Distancia Tempo Combustivel FitnessPonderado

2122,730123 1826,193500 1082,625000 4967,691631
2133,697073 1794,500493 1088,100000 4952,440574
2112,339608 1856,213093 1064,850000 5009,420237
2117,388616 1826,273757 1079,325000 4959,130382
2107,765936 1840,803263 1068,450000 4995,571218
2112,280552 1840,723005 1073,400000 5004,955577
2122,821401 1836,760671 1078,725000 5016,859091
2130,258050 1817,273757 1084,650000 4961,132702
2146,566507 1785,500493 1093,425000 4954,442895
2104,176464 1840,817141 1068,450000 4991,995624
2111,512717 1856,213093 1066,500000 5010,243346
2106,939045 1840,803263 1070,100000 4996,394327
2117,681115 1856,132835 1068,150000 5017,981487
2113,107443 1840,723005 1071,750000 5004,132468
2125,929268 1821,222252 1080,300000 4960,565841
2115,024171 1836,787527 1073,175000 5003,538717
2123,085378 1801,029879 1084,950000 4945,208266
