# VRP NSGA-III - Frente de Pareto
# Tempo: 473139 ms | Tamanho: 31
# Formato: Distancia Tempo Combustivel FitnessPonderado

2226,216395 1816,754382 1128,450000 5111,884151
2196,426052 1827,689535 1116,300000 5092,674393
2171,201332 1844,115351 1102,650000 5070,225489
2187,788762 1835,685724 1105,275000 5069,212859
2166,882552 1845,803792 1103,400000 5101,956004
2220,046876 1816,757106 1127,475000 5104,742356
2171,790035 1845,221654 1100,925000 5070,195495
2194,215639 1829,097549 1113,600000 5089,171993
2173,701074 1843,652218 1102,650000 5072,262098
2210,911966 1817,195348 1121,550000 5090,120687
2218,518948 1816,770919 1125,675000 5101,428240
2167,523490 1845,691921 1104,750000 5103,835072
2196,261513 1829,557957 1112,850000 5090,928276
2238,789286 1815,191405 1135,575000 5130,019064
2097,836604 1853,173866 1064,475000 5001,355130
2185,130830 1841,032589 1108,575000 5086,997224
2198,577931 1820,869283 1114,050000 5073,960587
2208,701552 1818,603362 1118,850000 5086,618287
2109,787970 1852,933694 1074,375000 5022,966324
2177,959555 1845,218930 1101,900000 5077,337290
2188,468090 1829,560682 1110,000000 5080,287578
2129,267760 1851,169923 1084,125000 5050,432343
2179,870594 1843,649493 1103,625000 5079,403893
2200,679447 1822,933842 1111,425000 5075,501663
2202,954003 1819,066495 1115,250000 5077,733872
2095,345669 1868,083696 1060,875000 5015,734820
2186,193534 1833,428029 1106,175000 5078,055368
2184,092017 1831,363470 1108,800000 5076,514293
2130,310115 1846,165243 1082,850000 5045,195018
2230,262980 1816,732214 1133,250000 5120,708568
2185,687245 1833,621164 1107,900000 5067,671783
