# VRP NSGA-III - Frente de Pareto
# Tempo: 474704 ms | Tamanho: 50
# Formato: Distancia Tempo Combustivel FitnessPonderado

2127,786571 1886,526500 1073,100000 5085,095430
2125,043186 1887,004235 1074,450000 5084,179781
2132,277646 1873,493567 1075,500000 5078,953572
2147,010315 1825,009752 1086,300000 5027,264134
2216,756814 1787,008848 1122,300000 5002,577629
2133,980480 1831,688980 1080,075000 5011,357672
2127,126828 1870,331265 1075,575000 5052,215851
2223,014593 1785,099562 1123,650000 5008,276122
2139,127751 1830,688980 1082,550000 5017,979944
2140,238260 1829,779693 1081,425000 5017,056165
2146,396635 1827,188980 1082,925000 5010,342849
2239,525737 1781,191445 1128,750000 5049,421494
2145,029729 1825,487486 1088,025000 5027,486283
2126,838712 1837,592123 1078,050000 5008,094048
2171,877779 1806,542344 1098,225000 5003,538952
2129,107414 1869,853531 1077,900000 5056,043702
2174,033693 1805,981218 1095,375000 5002,283741
2125,881081 1874,379471 1073,400000 5071,342912
2133,096491 1835,682836 1079,400000 5013,792540
2157,567194 1816,953139 1091,850000 5005,059595
2212,395540 1788,575839 1116,900000 5044,765209
2152,654415 1825,279693 1084,275000 5016,041342
2120,635238 1870,356157 1077,225000 5047,399152
2168,369266 1806,995186 1098,150000 5000,408281
2144,772732 1827,188980 1083,375000 5009,168946
2218,200662 1787,169179 1121,775000 5054,038670
2152,406012 1822,378548 1088,100000 5001,573821
2131,999894 1832,166714 1081,800000 5011,579821
2145,238833 1822,914782 1086,750000 4993,592877
2237,545151 1781,669179 1130,475000 5049,643643
2170,393026 1796,532435 1098,450000 4992,269290
2172,923185 1806,890505 1096,500000 5003,207519
2152,380602 1817,011639 1088,775000 4996,856502
2124,858126 1838,069858 1079,775000 5008,316196
2212,395540 1788,575839 1116,900000 5044,765209
2233,267957 1783,100731 1127,400000 5043,723001
2131,985983 1836,592123 1080,525000 5014,716319
2218,653320 1786,666553 1118,250000 5050,463701
2122,615824 1869,878423 1079,550000 5051,227004
2184,678107 1788,706639 1108,350000 4970,042145
2138,257674 1830,257427 1083,150000 5017,278314
2161,773305 1820,975387 1088,625000 5025,205926
2155,907112 1807,026622 1093,200000 4994,822995
2182,578596 1795,159382 1104,675000 5009,306807
2149,357149 1825,475387 1085,775000 5026,220749
2180,598010 1795,637116 1106,400000 5009,528955
2150,400016 1817,489373 1090,500000 4997,078650
2164,145244 1807,836946 1091,250000 5030,383969
2158,638381 1815,102352 1090,125000 5002,554994
2151,030512 1825,279693 1085,400000 5015,542439
