# VRP NSGA-III - Frente de Pareto
# Tempo: 474425 ms | Tamanho: 28
# Formato: Distancia Tempo Combustivel FitnessPonderado

2088,040873 1831,710287 1062,900000 4961,203180
2097,501433 1830,686865 1067,250000 4973,990318
2093,911961 1830,700743 1067,250000 4970,414724
2091,630345 1831,696409 1062,900000 4964,778774
2085,094692 1844,550397 1061,025000 4969,222108
2093,144126 1846,190831 1060,350000 4975,702494
2096,674542 1830,686865 1068,900000 4974,813427
2101,344303 1827,734075 1069,875000 4977,505397
2091,124652 1846,620117 1059,300000 4981,157584
2106,761524 1799,130845 1075,275000 4953,467485
2154,310228 1794,812973 1098,975000 4969,431234
2081,505220 1844,564275 1061,025000 4965,646514
2096,733598 1846,176953 1060,350000 4979,278087
2092,159926 1830,767123 1063,950000 4965,429068
2088,570454 1830,781001 1063,950000 4961,853474
2101,782606 1816,237617 1074,825000 4928,988232
2094,717372 1830,020891 1071,900000 4932,781272
2103,225845 1816,629257 1072,725000 4971,132121
2084,588999 1859,474105 1057,425000 4985,600919
2084,267801 1844,550397 1062,675000 4970,045217
2091,333035 1830,767123 1065,600000 4966,252177
2101,873883 1826,804789 1070,925000 4978,155692
2170,263258 1789,804515 1105,200000 4986,600807
2101,253026 1817,166903 1073,775000 4928,337937
2151,665307 1796,791678 1099,275000 5020,032100
2162,439308 1793,659347 1098,225000 4975,656689
2099,983876 1826,912290 1070,925000 4976,373186
2099,454296 1827,841576 1069,875000 4975,722891
