# VRP NSGA-III - Frente de Pareto
# Tempo: 470314 ms | Tamanho: 11
# Formato: Distancia Tempo Combustivel FitnessPonderado

2097,618173 1846,510379 1065,075000 5006,885911
2097,892197 1838,673518 1068,150000 4987,229327
2116,570109 1809,648217 1077,300000 5008,268326
2098,556629 1817,535599 1063,275000 4984,117228
2136,645349 1798,290219 1080,300000 5019,985568
2107,094294 1809,969281 1068,825000 4990,638575
2118,790752 1804,659536 1071,900000 5000,100288
2098,502130 1826,965780 1062,825000 4993,042909
2154,384802 1794,532590 1092,600000 5046,267392
2097,377548 1846,510379 1066,875000 5008,445286
2151,519690 1794,557482 1091,250000 5042,077172
