# VRP NSGA-III - Frente de Pareto
# Tempo: 476635 ms | Tamanho: 11
# Formato: Distancia Tempo Combustivel FitnessPonderado

2122,662733 1822,107954 1076,700000 5007,340346
2085,616004 1828,149381 1059,525000 4959,160046
2103,506271 1825,509971 1063,875000 4978,760902
2140,642344 1817,502884 1084,950000 5028,964888
2083,125069 1843,059211 1055,925000 4973,539736
2087,604478 1842,273843 1056,000000 4977,308776
2083,807619 1859,562627 1049,775000 4990,827605
2081,065165 1857,459363 1051,050000 4987,256887
2085,188810 1854,723590 1052,775000 4990,369760
2083,517166 1845,547663 1055,400000 4982,147188
2081,706102 1855,186724 1052,400000 4986,975185
