# AEMMT - Frente de Pareto (tabela de nao-dominancia)
# Instancia: rc104
# Tamanho: 9 solucoes nao-dominadas
# Formato: distancia<TAB>tempo<TAB>combustivel<TAB>num_veiculos

1453,621408	1311,229653	729,525000	12
1450,918894	1309,878396	732,525000	12
1450,060114	1315,865679	730,800000	12
1463,020696	1302,688467	738,675000	12
1456,274128	1306,667733	733,950000	12
1465,723210	1304,039723	736,425000	12
1458,976642	1308,018990	733,725000	12
1476,072508	1301,024439	747,375000	12
1478,775022	1302,375695	745,125000	12
