# VRP NSGA-III - Frente de Pareto
# Tempo: 498034 ms | Tamanho: 27
# Formato: Distancia Tempo Combustivel FitnessPonderado

1294,485647 5463,531766 654,150000 7414,917413
1269,038148 5516,847716 647,475000 7436,110864
1310,310369 5458,207015 665,025000 7436,292383
1274,780738 5536,493762 643,350000 7457,374501
1326,950330 5439,269222 672,075000 7441,044552
1293,181975 5516,163771 650,625000 7462,720746
1309,953442 5459,899597 661,875000 7434,478038
1324,228949 5443,769222 669,600000 7440,348171
1307,364046 5459,899597 665,550000 7435,563642
1268,681221 5518,540298 644,325000 7434,296519
1292,121193 5466,339183 653,850000 7415,060376
1294,842574 5461,839183 657,300000 7416,731757
1281,559620 5514,908129 655,725000 7454,942749
1272,684766 5517,449562 646,875000 7439,759328
1271,028296 5613,691210 641,100000 7528,569506
1272,327839 5519,142145 643,725000 7437,944983
1271,385223 5611,998628 644,250000 7530,383851
1285,206237 5515,509976 655,125000 7458,591213
1342,418125 5435,637053 679,800000 7460,605178
1273,798081 5522,272018 643,650000 7442,470099
1272,498539 5616,821084 641,025000 7533,094622
1293,234508 5471,161639 650,625000 7417,771147
1291,764266 5468,031766 650,700000 7413,246031
1325,699191 5446,899095 669,525000 7444,873287
1270,151463 5521,670171 644,250000 7438,821635
1273,310496 5533,363889 643,425000 7452,849385
1291,711732 5513,033898 650,700000 7458,195630
