# VRP NSGA-III - Frente de Pareto
# Tempo: 500158 ms | Tamanho: 21
# Formato: Distancia Tempo Combustivel FitnessPonderado

1318,175291 5538,175212 667,425000 7526,525503
1310,481751 5523,351621 669,000000 7505,583372
1313,607143 5616,606119 662,850000 7595,813263
1326,136990 5507,709147 675,825000 7512,421137
1322,715798 5509,401729 673,350000 7508,217527
1313,960593 5567,058909 666,750000 7550,519502
1323,164174 5520,415668 672,675000 7519,004842
1352,321122 5485,220177 690,000000 7530,291299
1315,111026 5538,175212 668,100000 7524,136238
1318,116651 5522,962352 672,150000 7515,979004
1313,192567 5572,898831 664,425000 7553,266398
1313,199712 5660,209821 662,850000 7639,009534
1321,537843 5521,269770 672,675000 7518,232613
1320,213366 5507,709147 678,225000 7508,897513
1323,072725 5507,709147 676,500000 7510,031872
1312,785135 5616,502533 664,425000 7596,462669
1319,856439 5509,401729 675,075000 7507,083168
1334,505125 5493,646873 680,100000 7511,001998
1313,546016 5523,351621 668,325000 7507,972637
1355,180481 5485,220177 688,275000 7531,425658
1318,473578 5521,269770 673,350000 7515,843348
