# VRP NSGA-III - Frente de Pareto
# Tempo: 498600 ms | Tamanho: 16
# Formato: Distancia Tempo Combustivel FitnessPonderado

1249,561982 5580,847283 635,175000 7468,334265
1268,573386 5569,367776 642,375000 7483,066162
1342,656923 5514,908129 687,300000 7547,615052
1350,598590 5495,927418 689,100000 7538,376008
1273,491565 5515,629619 648,675000 7440,546185
1254,191257 5595,670874 634,275000 7486,887131
1355,227865 5510,751009 688,200000 7556,928873
1277,138183 5516,231466 648,075000 7444,194649
1278,120840 5530,453210 647,775000 7459,099050
1283,881886 5530,453210 647,475000 7464,560096
1255,323028 5580,847283 634,875000 7473,795311
1259,952302 5595,670874 633,975000 7492,348177
1264,215470 5569,367776 642,675000 7479,008246
1250,965111 5580,847283 635,175000 7469,737395
1262,812340 5569,367776 642,675000 7477,605116
1253,208600 5581,449130 634,575000 7471,982729
