# VRP NSGA-III - Frente de Pareto
# Tempo: 491937 ms | Tamanho: 15
# Formato: Distancia Tempo Combustivel FitnessPonderado

1259,325784 5501,645161 635,775000 7399,495945
1266,079121 5449,771971 645,525000 7364,126092
1272,789254 5463,943990 643,350000 7382,833244
1266,838769 5441,661432 645,525000 7356,775201
1258,141600 5501,645161 638,250000 7400,786761
1269,323491 5451,636225 645,450000 7369,159716
1337,602118 5416,171472 681,900000 7438,423589
1271,707662 5457,511760 645,375000 7377,344422
1337,466494 5436,406676 681,525000 7458,148170
1273,548902 5451,636225 645,000000 7372,935128
1267,002601 5463,943990 643,950000 7377,646590
1338,683710 5424,683763 679,575000 7445,692473
1272,467310 5449,401220 645,375000 7369,993530
1274,952032 5451,636225 644,925000 7374,263257
1267,160713 5463,943990 643,875000 7377,729703
