# VRP NSGA-III - Frente de Pareto
# Tempo: 492837 ms | Tamanho: 9
# Formato: Distancia Tempo Combustivel FitnessPonderado

1255,884035 5494,843388 637,350000 7390,827423
1293,948859 5434,859659 657,525000 7389,083518
1253,318479 5502,351940 637,875000 7396,295419
1293,493506 5436,322162 656,625000 7389,190668
1254,608411 5494,843388 637,875000 7390,076799
1254,594103 5502,351940 637,350000 7397,046043
1292,203574 5443,830714 656,625000 7395,409288
1292,764676 5436,322162 656,625000 7388,461838
1253,879580 5494,843388 637,875000 7389,347969
