# VRP NSGA-III - Frente de Pareto
# Tempo: 511551 ms | Tamanho: 9
# Formato: Distancia Tempo Combustivel FitnessPonderado

1313,546016 5523,351621 668,325000 7507,972637
1318,175291 5538,175212 667,425000 7526,525503
1350,598590 5495,927418 689,100000 7538,376008
1318,589867 5581,882500 665,850000 7569,072368
1342,656923 5514,908129 687,300000 7547,615052
1355,227865 5510,751009 688,200000 7556,928873
1313,960593 5567,058909 666,750000 7550,519502
1310,481751 5523,351621 669,000000 7505,583372
1315,111026 5538,175212 668,100000 7524,136238
