# AEMMT - Frente de Pareto (tabela de nao-dominancia)
# Instancia: rc106
# Tamanho: 9 solucoes nao-dominadas
# Formato: distancia<TAB>tempo<TAB>combustivel<TAB>num_veiculos

1767,618734	1522,490136	892,500000	15
1774,109969	1521,130545	896,775000	15
1782,071892	1518,249083	900,525000	15
1788,563128	1516,889492	904,800000	15
1788,941254	1516,889492	904,800000	15
1783,490100	1516,929667	901,125000	15
1776,998865	1518,289259	896,850000	15
1782,450018	1518,249083	900,525000	15
1772,142214	1522,449960	896,850000	15
