# AEMMT - Frente de Pareto (tabela de nao-dominancia)
# Instancia: rc106
# Tamanho: 9 solucoes nao-dominadas
# Formato: distancia<TAB>tempo<TAB>combustivel<TAB>num_veiculos

1761,265466	1506,042106	889,950000	15
1753,365777	1518,744419	883,875000	15
1756,331176	1507,604364	886,875000	15
1749,483578	1519,803319	886,875000	15
1766,705704	1504,675521	891,750000	15
1754,417868	1518,241062	889,950000	15
1773,196940	1503,315930	897,900000	15
1766,046429	1504,811310	891,750000	15
1772,537665	1503,451719	897,900000	15
