# AEMMT - Frente de Pareto (tabela de nao-dominancia)
# Instancia: rc106
# Tamanho: 9 solucoes nao-dominadas
# Formato: distancia<TAB>tempo<TAB>combustivel<TAB>num_veiculos

1810,253819	1518,193858	911,475000	15
1801,256672	1518,858992	907,800000	15
1812,087252	1518,058069	912,150000	15
1803,090105	1518,723204	908,475000	15
1792,914284	1521,330942	906,450000	15
1807,355764	1518,220189	910,800000	15
1796,525183	1519,021112	906,450000	15
1805,522330	1518,355978	910,125000	15
1798,358617	1518,885324	907,125000	15
