Subpopulacao\Geracao	gFinal
NSGA3_DistanciaMin	1701,59
NSGA3_TempoMin	1536,84
NSGA3_CombustivelMin	858,68
NSGA3_DistanciaMedia	1711,36
NSGA3_TempoMedio	1546,45
NSGA3_CombustivelMedio	863,69
NSGA3_FitnessPonderadoMin	4116,87
NSGA3_FitnessPonderadoMedio	4125,75
NSGA3_TamanhoFrente	17
TempoExecucao(ms)	476463
Parametros	Pop=600; Geracoes=3000; Pc=1,00; Pm=0,01

=== DIAGNOSTICO ===
Solucoes criadas: 596
Total avaliacoes: 1788596
Solucoes unicas: 15082

=== HISTORICO DE EVOLUCAO ===
Eval	BestDist	BestTime	BestFuel
5000	1741,01	1572,89	881,55
10000	1741,01	1572,89	881,55
15000	1741,01	1572,89	881,55
20000	1741,01	1567,78	881,55
25000	1741,01	1567,78	881,55
30000	1741,01	1567,78	881,55
35000	1741,01	1567,78	881,55
40000	1733,83	1567,78	877,35
45000	1733,83	1567,78	877,35
50000	1733,83	1567,78	877,35
55000	1733,83	1567,78	877,35
60000	1733,83	1567,78	877,35
65000	1733,83	1567,78	877,35
70000	1733,83	1567,78	877,35
75000	1733,83	1567,78	877,35
80000	1733,83	1567,78	877,35
85000	1733,83	1567,78	877,35
90000	1733,83	1567,15	877,35
95000	1733,83	1564,20	877,35
100000	1733,83	1564,20	877,35
105000	1733,83	1563,04	877,35
110000	1733,83	1563,04	877,35
115000	1733,83	1563,04	877,35
120000	1733,83	1563,04	877,35
125000	1733,42	1563,04	877,35
130000	1733,42	1563,04	877,35
135000	1733,42	1563,04	877,35
140000	1733,42	1562,04	877,35
145000	1732,76	1561,76	877,35
150000	1732,76	1561,76	877,35
155000	1732,76	1561,76	877,35
160000	1732,76	1561,76	876,83
165000	1731,26	1559,46	876,83
170000	1729,37	1559,46	873,45
175000	1726,06	1559,46	873,00
180000	1726,06	1559,46	873,00
185000	1726,06	1559,46	873,00
190000	1726,06	1559,46	873,00
195000	1726,06	1559,46	873,00
200000	1726,06	1558,03	873,00
205000	1726,06	1558,03	873,00
210000	1726,06	1558,03	873,00
215000	1726,06	1558,03	873,00
220000	1720,09	1558,03	869,10
225000	1720,09	1558,03	869,10
230000	1720,09	1558,03	869,10
235000	1720,09	1558,03	869,10
240000	1720,09	1558,03	869,10
245000	1720,09	1554,30	869,10
250000	1720,09	1554,30	869,10
255000	1720,09	1554,30	869,10
260000	1720,09	1554,30	869,10
265000	1719,91	1554,30	869,10
270000	1719,91	1554,30	869,10
275000	1719,91	1554,23	869,10
280000	1719,91	1554,23	869,10
285000	1719,91	1554,23	869,10
290000	1715,64	1554,23	869,10
295000	1715,64	1554,23	869,10
300000	1715,64	1554,23	869,10
305000	1715,64	1554,23	869,10
310000	1715,64	1554,23	869,10
315000	1715,64	1551,86	869,10
320000	1715,64	1551,86	869,10
325000	1715,64	1551,86	869,10
330000	1715,64	1551,86	869,10
335000	1715,64	1551,86	869,10
340000	1715,64	1551,86	869,10
345000	1715,64	1551,86	869,10
350000	1715,64	1551,86	869,10
355000	1715,64	1551,86	869,10
360000	1715,64	1551,86	869,10
365000	1715,64	1551,86	869,10
370000	1715,64	1551,86	869,10
375000	1715,64	1551,86	869,10
380000	1715,64	1551,86	869,10
385000	1715,64	1551,86	869,10
390000	1715,64	1551,86	869,10
395000	1715,64	1549,85	869,10
400000	1713,94	1549,85	869,10
405000	1713,94	1549,85	869,10
410000	1713,94	1549,85	869,10
415000	1713,94	1549,85	869,10
420000	1713,94	1549,85	869,10
425000	1713,94	1549,85	869,10
430000	1713,94	1549,85	869,10
435000	1713,94	1549,85	869,10
440000	1713,94	1549,85	869,10
445000	1713,94	1549,85	869,10
450000	1713,07	1549,85	869,10
455000	1713,07	1549,85	869,10
460000	1713,07	1549,85	866,70
465000	1713,07	1549,85	866,70
470000	1713,07	1549,85	866,70
475000	1713,07	1549,85	866,70
480000	1713,07	1549,85	866,70
485000	1713,07	1549,85	866,70
490000	1713,07	1549,85	866,70
495000	1711,38	1549,46	866,70
500000	1711,38	1546,76	866,70
505000	1711,38	1544,59	866,70
510000	1711,38	1544,59	866,70
515000	1711,38	1544,59	866,70
520000	1711,38	1544,59	866,70
525000	1711,38	1544,59	866,70
530000	1711,38	1544,59	866,70
535000	1711,38	1544,59	866,70
540000	1711,38	1544,59	866,70
545000	1711,38	1544,35	866,70
550000	1711,38	1544,35	866,70
555000	1710,30	1544,35	866,70
560000	1710,30	1544,35	866,03
565000	1710,30	1544,35	866,03
570000	1710,30	1544,35	866,03
575000	1710,30	1544,35	866,03
580000	1710,30	1544,35	866,03
585000	1710,30	1544,35	866,03
590000	1710,30	1544,35	866,03
595000	1710,30	1544,35	866,03
600000	1710,30	1544,35	866,03
605000	1710,30	1544,35	866,03
610000	1701,73	1544,35	864,38
615000	1701,73	1544,35	864,38
620000	1701,73	1544,35	864,38
625000	1701,73	1544,35	864,38
630000	1701,73	1544,35	864,38
635000	1701,73	1544,35	864,38
640000	1701,73	1544,35	864,38
645000	1701,73	1544,35	864,38
650000	1701,73	1544,35	864,38
655000	1701,73	1544,35	863,55
660000	1701,73	1544,35	863,55
665000	1701,59	1544,35	863,55
670000	1701,59	1544,35	863,55
675000	1701,59	1544,35	863,55
680000	1701,59	1544,35	863,55
685000	1701,59	1544,35	863,55
690000	1701,59	1543,23	863,55
695000	1701,59	1543,23	863,55
700000	1701,59	1543,23	863,55
705000	1701,59	1542,10	863,55
710000	1701,59	1542,10	863,55
715000	1701,59	1542,10	863,55
720000	1701,59	1542,10	863,55
725000	1701,59	1542,10	863,55
730000	1701,59	1542,10	863,55
735000	1701,59	1542,10	863,55
740000	1701,59	1542,10	861,07
745000	1701,59	1542,10	861,07
750000	1701,59	1542,10	858,68
755000	1701,59	1542,10	858,68
760000	1701,59	1540,73	858,68
765000	1701,59	1540,66	858,68
770000	1701,59	1540,66	858,68
775000	1701,59	1540,66	858,68
780000	1701,59	1540,66	858,68
785000	1701,59	1540,66	858,68
790000	1701,59	1540,66	858,68
795000	1701,59	1540,66	858,68
800000	1701,59	1540,66	858,68
805000	1701,59	1540,66	858,68
810000	1701,59	1540,66	858,68
815000	1701,59	1540,66	858,68
820000	1701,59	1540,66	858,68
825000	1701,59	1540,66	858,68
830000	1701,59	1540,66	858,68
835000	1701,59	1540,66	858,68
840000	1701,59	1540,66	858,68
845000	1701,59	1540,66	858,68
850000	1701,59	1540,66	858,68
855000	1701,59	1540,66	858,68
860000	1701,59	1540,66	858,68
865000	1701,59	1540,66	858,68
870000	1701,59	1540,66	858,68
875000	1701,59	1540,66	858,68
880000	1701,59	1540,66	858,68
885000	1701,59	1540,66	858,68
890000	1701,59	1540,66	858,68
895000	1701,59	1540,66	858,68
900000	1701,59	1540,66	858,68
905000	1701,59	1540,24	858,68
910000	1701,59	1540,24	858,68
915000	1701,59	1540,24	858,68
920000	1701,59	1540,24	858,68
925000	1701,59	1540,10	858,68
930000	1701,59	1540,10	858,68
935000	1701,59	1540,10	858,68
940000	1701,59	1540,10	858,68
945000	1701,59	1540,10	858,68
950000	1701,59	1540,10	858,68
955000	1701,59	1540,10	858,68
960000	1701,59	1540,10	858,68
965000	1701,59	1540,10	858,68
970000	1701,59	1540,10	858,68
975000	1701,59	1540,10	858,68
980000	1701,59	1540,10	858,68
985000	1701,59	1540,10	858,68
990000	1701,59	1540,10	858,68
995000	1701,59	1540,10	858,68
1000000	1701,59	1540,10	858,68
1005000	1701,59	1540,10	858,68
1010000	1701,59	1540,10	858,68
1015000	1701,59	1540,10	858,68
1020000	1701,59	1540,10	858,68
1025000	1701,59	1540,10	858,68
1030000	1701,59	1540,10	858,68
1035000	1701,59	1540,10	858,68
1040000	1701,59	1540,10	858,68
1045000	1701,59	1540,10	858,68
1050000	1701,59	1540,10	858,68
1055000	1701,59	1540,10	858,68
1060000	1701,59	1540,10	858,68
1065000	1701,59	1540,10	858,68
1070000	1701,59	1540,10	858,68
1075000	1701,59	1540,10	858,68
1080000	1701,59	1540,10	858,68
1085000	1701,59	1540,10	858,68
1090000	1701,59	1540,10	858,68
1095000	1701,59	1540,10	858,68
1100000	1701,59	1540,10	858,68
1105000	1701,59	1540,10	858,68
1110000	1701,59	1540,10	858,68
1115000	1701,59	1540,10	858,68
1120000	1701,59	1540,10	858,68
1125000	1701,59	1540,10	858,68
1130000	1701,59	1540,10	858,68
1135000	1701,59	1540,10	858,68
1140000	1701,59	1540,10	858,68
1145000	1701,59	1540,10	858,68
1150000	1701,59	1540,10	858,68
1155000	1701,59	1540,10	858,68
1160000	1701,59	1540,10	858,68
1165000	1701,59	1540,10	858,68
1170000	1701,59	1539,98	858,68
1175000	1701,59	1539,98	858,68
1180000	1701,59	1539,98	858,68
1185000	1701,59	1539,98	858,68
1190000	1701,59	1539,98	858,68
1195000	1701,59	1539,98	858,68
1200000	1701,59	1539,98	858,68
1205000	1701,59	1539,98	858,68
1210000	1701,59	1539,98	858,68
1215000	1701,59	1539,98	858,68
1220000	1701,59	1539,98	858,68
1225000	1701,59	1539,98	858,68
1230000	1701,59	1539,98	858,68
1235000	1701,59	1539,98	858,68
1240000	1701,59	1539,98	858,68
1245000	1701,59	1539,98	858,68
1250000	1701,59	1539,98	858,68
1255000	1701,59	1539,98	858,68
1260000	1701,59	1539,98	858,68
1265000	1701,59	1539,98	858,68
1270000	1701,59	1539,98	858,68
1275000	1701,59	1539,98	858,68
1280000	1701,59	1539,98	858,68
1285000	1701,59	1539,98	858,68
1290000	1701,59	1539,98	858,68
1295000	1701,59	1539,98	858,68
1300000	1701,59	1539,98	858,68
1305000	1701,59	1539,98	858,68
1310000	1701,59	1539,98	858,68
1315000	1701,59	1539,98	858,68
1320000	1701,59	1539,98	858,68
1325000	1701,59	1539,98	858,68
1330000	1701,59	1539,98	858,68
1335000	1701,59	1539,98	858,68
1340000	1701,59	1539,98	858,68
1345000	1701,59	1539,98	858,68
1350000	1701,59	1539,98	858,68
1355000	1701,59	1539,98	858,68
1360000	1701,59	1539,98	858,68
1365000	1701,59	1539,98	858,68
1370000	1701,59	1539,98	858,68
1375000	1701,59	1539,98	858,68
1380000	1701,59	1539,98	858,68
1385000	1701,59	1538,70	858,68
1390000	1701,59	1538,70	858,68
1395000	1701,59	1538,70	858,68
1400000	1701,59	1538,70	858,68
1405000	1701,59	1538,70	858,68
1410000	1701,59	1538,70	858,68
1415000	1701,59	1538,70	858,68
1420000	1701,59	1538,70	858,68
1425000	1701,59	1538,70	858,68
1430000	1701,59	1538,70	858,68
1435000	1701,59	1538,70	858,68
1440000	1701,59	1538,70	858,68
1445000	1701,59	1538,70	858,68
1450000	1701,59	1538,70	858,68
1455000	1701,59	1538,70	858,68
1460000	1701,59	1538,70	858,68
1465000	1701,59	1538,70	858,68
1470000	1701,59	1538,70	858,68
1475000	1701,59	1538,70	858,68
1480000	1701,59	1538,70	858,68
1485000	1701,59	1538,70	858,68
1490000	1701,59	1538,70	858,68
1495000	1701,59	1538,70	858,68
1500000	1701,59	1538,70	858,68
1505000	1701,59	1538,70	858,68
1510000	1701,59	1538,70	858,68
1515000	1701,59	1538,70	858,68
1520000	1701,59	1538,70	858,68
1525000	1701,59	1538,70	858,68
1530000	1701,59	1538,70	858,68
1535000	1701,59	1538,70	858,68
1540000	1701,59	1538,70	858,68
1545000	1701,59	1538,70	858,68
1550000	1701,59	1538,70	858,68
1555000	1701,59	1538,70	858,68
1560000	1701,59	1538,70	858,68
1565000	1701,59	1538,70	858,68
1570000	1701,59	1538,70	858,68
1575000	1701,59	1538,70	858,68
1580000	1701,59	1536,84	858,68
1585000	1701,59	1536,84	858,68
1590000	1701,59	1536,84	858,68
1595000	1701,59	1536,84	858,68
1600000	1701,59	1536,84	858,68
1605000	1701,59	1536,84	858,68
1610000	1701,59	1536,84	858,68
1615000	1701,59	1536,84	858,68
1620000	1701,59	1536,84	858,68
1625000	1701,59	1536,84	858,68
1630000	1701,59	1536,84	858,68
1635000	1701,59	1536,84	858,68
1640000	1701,59	1536,84	858,68
1645000	1701,59	1536,84	858,68
1650000	1701,59	1536,84	858,68
1655000	1701,59	1536,84	858,68
1660000	1701,59	1536,84	858,68
1665000	1701,59	1536,84	858,68
1670000	1701,59	1536,84	858,68
1675000	1701,59	1536,84	858,68
1680000	1701,59	1536,84	858,68
1685000	1701,59	1536,84	858,68
1690000	1701,59	1536,84	858,68
1695000	1701,59	1536,84	858,68
1700000	1701,59	1536,84	858,68
1705000	1701,59	1536,84	858,68
1710000	1701,59	1536,84	858,68
1715000	1701,59	1536,84	858,68
1720000	1701,59	1536,84	858,68
1725000	1701,59	1536,84	858,68
1730000	1701,59	1536,84	858,68
1735000	1701,59	1536,84	858,68
1740000	1701,59	1536,84	858,68
1745000	1701,59	1536,84	858,68
1750000	1701,59	1536,84	858,68
1755000	1701,59	1536,84	858,68
1760000	1701,59	1536,84	858,68
1765000	1701,59	1536,84	858,68
1770000	1701,59	1536,84	858,68
1775000	1701,59	1536,84	858,68
1780000	1701,59	1536,84	858,68
1785000	1701,59	1536,84	858,68

=== MELHOR SOLUCAO (Fitness Ponderado Minimo) ===
Fitness Ponderado: 4116,865367
Distancia: 1702,33
Tempo: 1551,46
Combustivel: 858,82

Veiculo 0: 8 clientes, demanda: 126/200, rota: [33, 65, 71, 9, 3, 68, 1, 70]
Veiculo 1: 8 clientes, demanda: 149/200, rota: [36, 47, 19, 49, 46, 48, 89, 58]
Veiculo 2: 8 clientes, demanda: 113/200, rota: [69, 31, 88, 53, 26, 100, 91, 93]
Veiculo 3: 10 clientes, demanda: 184/200, rota: [72, 39, 23, 75, 22, 56, 4, 54, 80, 77]
Veiculo 4: 8 clientes, demanda: 162/200, rota: [95, 98, 61, 86, 85, 37, 97, 13]
Veiculo 5: 5 clientes, demanda: 79/200, rota: [62, 11, 64, 10, 32]
Veiculo 6: 7 clientes, demanda: 59/200, rota: [83, 45, 8, 84, 96, 60, 17]
Veiculo 7: 8 clientes, demanda: 105/200, rota: [59, 92, 42, 87, 94, 6, 74, 25]
Veiculo 8: 5 clientes, demanda: 57/200, rota: [27, 21, 67, 55, 24]
Veiculo 9: 5 clientes, demanda: 80/200, rota: [14, 16, 44, 38, 43]
Veiculo 10: 4 clientes, demanda: 27/200, rota: [2, 15, 41, 57]
Veiculo 11: 6 clientes, demanda: 83/200, rota: [28, 12, 29, 79, 78, 50]
Veiculo 12: 3 clientes, demanda: 30/200, rota: [52, 82, 7]
Veiculo 13: 3 clientes, demanda: 47/200, rota: [5, 99, 18]
Veiculo 14: 5 clientes, demanda: 68/200, rota: [63, 30, 90, 66, 20]
Veiculo 15: 5 clientes, demanda: 71/200, rota: [76, 51, 81, 34, 35]
Veiculo 16: 2 clientes, demanda: 18/200, rota: [40, 73]
