Subpopulacao\Geracao	gFinal
NSGA3_DistanciaMin	1693,46
NSGA3_TempoMin	1530,38
NSGA3_CombustivelMin	854,02
NSGA3_DistanciaMedia	1698,01
NSGA3_TempoMedio	1534,92
NSGA3_CombustivelMedio	858,58
NSGA3_FitnessPonderadoMin	4092,35
NSGA3_FitnessPonderadoMedio	4095,77
NSGA3_TamanhoFrente	5
TempoExecucao(ms)	472573
Parametros	Pop=600; Geracoes=3000; Pc=1,00; Pm=0,01

=== DIAGNOSTICO ===
Solucoes criadas: 596
Total avaliacoes: 1788596
Solucoes unicas: 15980

=== HISTORICO DE EVOLUCAO ===
Eval	BestDist	BestTime	BestFuel
5000	1741,01	1572,89	881,55
10000	1741,01	1572,89	881,55
15000	1739,31	1572,89	877,65
20000	1739,31	1572,89	877,65
25000	1739,31	1568,15	877,65
30000	1739,31	1568,15	877,65
35000	1737,21	1567,78	877,65
40000	1733,83	1567,78	877,35
45000	1733,83	1567,78	877,35
50000	1733,83	1567,78	877,35
55000	1733,83	1567,78	877,35
60000	1733,83	1567,78	877,35
65000	1733,83	1567,78	877,35
70000	1733,83	1567,78	877,35
75000	1733,83	1567,78	877,35
80000	1733,83	1565,89	874,58
85000	1733,83	1565,89	874,58
90000	1733,83	1565,89	874,58
95000	1733,83	1565,89	874,58
100000	1733,83	1565,49	874,58
105000	1733,83	1565,49	874,58
110000	1733,83	1563,04	874,58
115000	1733,83	1563,04	874,58
120000	1733,83	1563,04	874,58
125000	1733,83	1563,04	874,58
130000	1733,83	1563,04	874,58
135000	1732,13	1563,04	873,45
140000	1726,06	1563,04	873,00
145000	1726,06	1563,04	873,00
150000	1726,06	1563,04	873,00
155000	1726,06	1563,04	873,00
160000	1726,06	1563,04	873,00
165000	1726,06	1563,04	873,00
170000	1726,06	1562,77	873,00
175000	1726,06	1562,77	873,00
180000	1726,06	1562,77	873,00
185000	1726,06	1562,77	873,00
190000	1726,06	1562,77	873,00
195000	1726,06	1560,75	873,00
200000	1726,06	1560,75	873,00
205000	1724,33	1560,75	873,00
210000	1724,33	1560,75	873,00
215000	1724,33	1560,75	873,00
220000	1724,33	1560,66	873,00
225000	1724,33	1560,66	873,00
230000	1724,33	1556,93	873,00
235000	1724,33	1556,93	873,00
240000	1724,33	1556,93	873,00
245000	1724,33	1556,93	873,00
250000	1724,33	1556,93	873,00
255000	1724,33	1556,93	869,10
260000	1724,33	1556,93	869,10
265000	1724,33	1556,93	869,10
270000	1722,64	1556,93	869,10
275000	1722,64	1556,93	869,10
280000	1722,64	1556,93	869,10
285000	1721,61	1556,93	869,10
290000	1721,61	1556,93	868,65
295000	1721,61	1556,93	868,65
300000	1721,61	1556,93	868,65
305000	1721,61	1555,92	868,65
310000	1711,52	1555,92	868,65
315000	1711,52	1555,92	868,65
320000	1711,52	1555,92	868,65
325000	1711,52	1555,92	868,65
330000	1711,52	1555,92	868,65
335000	1711,52	1555,92	868,65
340000	1711,52	1555,92	868,65
345000	1711,52	1553,10	868,65
350000	1711,52	1553,10	868,65
355000	1711,52	1553,10	868,65
360000	1711,52	1553,10	868,65
365000	1711,52	1553,10	868,65
370000	1711,52	1553,10	868,65
375000	1711,52	1553,10	868,65
380000	1711,52	1552,97	868,65
385000	1711,52	1552,97	868,65
390000	1711,52	1552,97	868,65
395000	1711,52	1552,97	868,65
400000	1711,52	1552,97	868,65
405000	1711,52	1552,97	868,65
410000	1711,52	1552,97	868,65
415000	1708,95	1552,97	868,65
420000	1708,95	1552,97	868,65
425000	1708,95	1552,97	868,65
430000	1708,95	1552,97	867,00
435000	1708,95	1552,97	867,00
440000	1708,95	1552,97	867,00
445000	1707,26	1552,97	864,90
450000	1707,26	1552,97	864,90
455000	1707,26	1552,97	864,90
460000	1707,26	1552,97	864,90
465000	1707,26	1552,97	863,10
470000	1707,26	1552,97	863,10
475000	1705,37	1552,97	863,10
480000	1705,37	1552,97	863,10
485000	1705,37	1551,90	863,10
490000	1705,37	1551,90	863,10
495000	1705,37	1551,71	863,10
500000	1705,37	1551,61	863,10
505000	1705,37	1551,61	863,10
510000	1705,37	1551,61	863,10
515000	1705,37	1550,56	863,10
520000	1705,37	1550,56	863,10
525000	1705,37	1550,56	863,10
530000	1705,37	1550,56	863,10
535000	1705,37	1550,56	863,10
540000	1702,80	1548,23	863,10
545000	1702,80	1548,23	863,10
550000	1702,80	1548,23	863,10
555000	1702,80	1548,23	863,10
560000	1702,80	1547,71	863,10
565000	1702,80	1547,71	863,10
570000	1702,80	1547,71	863,10
575000	1702,80	1547,71	863,10
580000	1702,80	1547,71	863,10
585000	1702,80	1547,71	863,10
590000	1702,80	1547,71	863,10
595000	1702,80	1547,71	863,10
600000	1702,80	1547,71	863,10
605000	1702,80	1547,71	863,10
610000	1702,80	1545,82	863,10
615000	1702,80	1545,82	863,10
620000	1702,80	1544,46	863,10
625000	1702,80	1544,46	863,10
630000	1702,80	1544,46	863,10
635000	1702,80	1544,46	863,10
640000	1701,73	1544,46	863,10
645000	1701,73	1544,46	863,10
650000	1701,73	1544,46	863,10
655000	1701,73	1544,46	863,10
660000	1701,73	1544,46	863,10
665000	1701,73	1544,46	863,10
670000	1701,73	1544,46	863,10
675000	1701,73	1544,46	863,10
680000	1701,73	1544,46	863,10
685000	1701,73	1542,97	863,10
690000	1701,73	1541,61	862,80
695000	1701,73	1541,61	858,90
700000	1701,73	1541,61	858,90
705000	1701,73	1541,61	858,90
710000	1701,73	1541,61	858,90
715000	1701,73	1540,57	858,90
720000	1701,59	1540,57	858,90
725000	1701,59	1540,57	858,90
730000	1701,59	1540,57	858,90
735000	1701,59	1539,20	858,90
740000	1701,59	1539,20	858,90
745000	1701,59	1539,20	858,90
750000	1701,59	1539,20	858,90
755000	1701,59	1539,20	858,90
760000	1701,59	1539,20	858,90
765000	1701,59	1539,20	858,90
770000	1701,59	1539,20	858,90
775000	1701,59	1539,20	858,90
780000	1701,59	1539,20	858,90
785000	1701,59	1539,20	858,90
790000	1701,59	1539,20	858,90
795000	1701,59	1539,20	858,90
800000	1701,59	1539,20	858,90
805000	1701,59	1539,20	858,90
810000	1701,59	1539,20	858,90
815000	1701,59	1539,20	858,90
820000	1701,59	1539,20	858,90
825000	1701,59	1539,20	858,90
830000	1701,59	1539,20	858,90
835000	1701,59	1539,20	858,90
840000	1701,59	1539,20	858,90
845000	1701,59	1539,20	858,90
850000	1701,59	1539,20	858,90
855000	1701,59	1539,20	858,90
860000	1701,59	1539,20	858,90
865000	1701,59	1539,20	858,90
870000	1701,59	1539,20	858,90
875000	1701,59	1539,20	858,90
880000	1701,59	1539,20	858,90
885000	1701,59	1539,20	858,90
890000	1701,59	1539,20	858,90
895000	1701,59	1539,20	858,90
900000	1701,59	1539,20	858,90
905000	1701,59	1539,20	858,90
910000	1701,59	1539,20	858,90
915000	1701,59	1539,20	858,90
920000	1701,59	1539,20	858,90
925000	1701,59	1539,20	858,90
930000	1701,59	1539,20	858,90
935000	1701,59	1539,20	858,90
940000	1701,59	1539,13	858,90
945000	1701,59	1539,13	858,90
950000	1701,59	1538,70	858,90
955000	1701,59	1538,70	858,90
960000	1701,59	1538,70	858,90
965000	1701,59	1538,70	858,90
970000	1701,59	1538,70	858,90
975000	1701,59	1538,70	858,90
980000	1701,59	1538,70	858,90
985000	1701,59	1538,70	858,90
990000	1701,59	1538,70	858,90
995000	1701,59	1538,70	858,90
1000000	1701,59	1538,70	858,90
1005000	1701,59	1538,70	858,90
1010000	1701,59	1538,70	858,90
1015000	1701,59	1538,70	858,90
1020000	1701,59	1538,70	858,90
1025000	1701,59	1538,70	858,90
1030000	1701,59	1538,70	858,90
1035000	1701,59	1538,70	858,90
1040000	1701,59	1538,70	858,90
1045000	1701,59	1537,93	858,90
1050000	1701,59	1537,93	858,90
1055000	1698,36	1537,93	856,13
1060000	1698,36	1537,93	856,13
1065000	1698,36	1537,93	856,13
1070000	1698,36	1537,93	856,13
1075000	1698,36	1537,93	856,13
1080000	1698,36	1537,93	856,13
1085000	1698,36	1536,10	856,13
1090000	1698,36	1536,10	856,13
1095000	1698,36	1536,10	856,13
1100000	1698,36	1536,10	856,13
1105000	1698,36	1536,10	856,13
1110000	1698,36	1536,10	856,13
1115000	1698,36	1536,10	856,13
1120000	1698,36	1536,10	856,13
1125000	1698,36	1536,10	856,13
1130000	1698,36	1536,10	856,13
1135000	1698,36	1536,10	856,13
1140000	1698,36	1536,10	856,13
1145000	1698,36	1536,10	856,13
1150000	1698,36	1536,10	856,13
1155000	1697,28	1536,10	856,13
1160000	1697,28	1536,10	856,13
1165000	1697,28	1536,10	856,13
1170000	1697,28	1536,10	856,13
1175000	1697,28	1536,10	856,13
1180000	1697,28	1536,10	856,13
1185000	1697,28	1536,10	856,13
1190000	1697,28	1535,59	856,13
1195000	1697,28	1535,59	856,13
1200000	1697,28	1535,59	856,13
1205000	1697,28	1535,59	856,13
1210000	1697,28	1535,59	856,13
1215000	1697,28	1535,59	856,13
1220000	1697,28	1535,59	856,13
1225000	1697,28	1535,59	856,13
1230000	1697,28	1535,59	856,13
1235000	1697,28	1535,59	856,13
1240000	1693,46	1535,59	854,02
1245000	1693,46	1535,59	854,02
1250000	1693,46	1535,59	854,02
1255000	1693,46	1535,59	854,02
1260000	1693,46	1535,59	854,02
1265000	1693,46	1535,59	854,02
1270000	1693,46	1535,59	854,02
1275000	1693,46	1535,59	854,02
1280000	1693,46	1535,59	854,02
1285000	1693,46	1535,59	854,02
1290000	1693,46	1535,59	854,02
1295000	1693,46	1535,59	854,02
1300000	1693,46	1535,59	854,02
1305000	1693,46	1535,59	854,02
1310000	1693,46	1535,59	854,02
1315000	1693,46	1535,59	854,02
1320000	1693,46	1532,98	854,02
1325000	1693,46	1532,98	854,02
1330000	1693,46	1532,24	854,02
1335000	1693,46	1532,24	854,02
1340000	1693,46	1532,24	854,02
1345000	1693,46	1532,24	854,02
1350000	1693,46	1532,24	854,02
1355000	1693,46	1532,24	854,02
1360000	1693,46	1532,24	854,02
1365000	1693,46	1532,24	854,02
1370000	1693,46	1532,24	854,02
1375000	1693,46	1532,24	854,02
1380000	1693,46	1532,24	854,02
1385000	1693,46	1532,24	854,02
1390000	1693,46	1532,24	854,02
1395000	1693,46	1532,24	854,02
1400000	1693,46	1532,24	854,02
1405000	1693,46	1532,24	854,02
1410000	1693,46	1532,24	854,02
1415000	1693,46	1532,24	854,02
1420000	1693,46	1532,24	854,02
1425000	1693,46	1532,24	854,02
1430000	1693,46	1532,24	854,02
1435000	1693,46	1532,24	854,02
1440000	1693,46	1532,24	854,02
1445000	1693,46	1532,24	854,02
1450000	1693,46	1532,24	854,02
1455000	1693,46	1532,24	854,02
1460000	1693,46	1532,24	854,02
1465000	1693,46	1532,01	854,02
1470000	1693,46	1532,01	854,02
1475000	1693,46	1532,01	854,02
1480000	1693,46	1532,01	854,02
1485000	1693,46	1532,01	854,02
1490000	1693,46	1532,01	854,02
1495000	1693,46	1532,01	854,02
1500000	1693,46	1532,01	854,02
1505000	1693,46	1532,01	854,02
1510000	1693,46	1530,38	854,02
1515000	1693,46	1530,38	854,02
1520000	1693,46	1530,38	854,02
1525000	1693,46	1530,38	854,02
1530000	1693,46	1530,38	854,02
1535000	1693,46	1530,38	854,02
1540000	1693,46	1530,38	854,02
1545000	1693,46	1530,38	854,02
1550000	1693,46	1530,38	854,02
1555000	1693,46	1530,38	854,02
1560000	1693,46	1530,38	854,02
1565000	1693,46	1530,38	854,02
1570000	1693,46	1530,38	854,02
1575000	1693,46	1530,38	854,02
1580000	1693,46	1530,38	854,02
1585000	1693,46	1530,38	854,02
1590000	1693,46	1530,38	854,02
1595000	1693,46	1530,38	854,02
1600000	1693,46	1530,38	854,02
1605000	1693,46	1530,38	854,02
1610000	1693,46	1530,38	854,02
1615000	1693,46	1530,38	854,02
1620000	1693,46	1530,38	854,02
1625000	1693,46	1530,38	854,02
1630000	1693,46	1530,38	854,02
1635000	1693,46	1530,38	854,02
1640000	1693,46	1530,38	854,02
1645000	1693,46	1530,38	854,02
1650000	1693,46	1530,38	854,02
1655000	1693,46	1530,38	854,02
1660000	1693,46	1530,38	854,02
1665000	1693,46	1530,38	854,02
1670000	1693,46	1530,38	854,02
1675000	1693,46	1530,38	854,02
1680000	1693,46	1530,38	854,02
1685000	1693,46	1523,31	854,02
1690000	1693,46	1523,31	854,02
1695000	1693,46	1523,31	854,02
1700000	1693,46	1523,31	854,02
1705000	1693,46	1523,31	854,02
1710000	1693,46	1523,31	854,02
1715000	1693,46	1523,31	854,02
1720000	1693,46	1523,31	854,02
1725000	1693,46	1523,31	854,02
1730000	1693,46	1523,31	854,02
1735000	1693,46	1523,31	854,02
1740000	1693,46	1523,31	854,02
1745000	1693,46	1523,31	854,02
1750000	1693,46	1523,31	854,02
1755000	1693,46	1523,31	854,02
1760000	1693,46	1523,31	854,02
1765000	1693,46	1523,31	854,02
1770000	1693,46	1523,31	854,02
1775000	1693,46	1523,31	854,02
1780000	1693,46	1523,31	854,02
1785000	1693,46	1523,31	854,02

=== MELHOR SOLUCAO (Fitness Ponderado Minimo) ===
Fitness Ponderado: 4092,352588
Distancia: 1696,65
Tempo: 1530,38
Combustivel: 861,07

Veiculo 0: 8 clientes, demanda: 126/200, rota: [33, 65, 71, 9, 3, 68, 1, 70]
Veiculo 1: 8 clientes, demanda: 149/200, rota: [36, 47, 19, 49, 46, 48, 89, 58]
Veiculo 2: 8 clientes, demanda: 126/200, rota: [31, 62, 88, 53, 26, 91, 100, 93]
Veiculo 3: 10 clientes, demanda: 184/200, rota: [72, 39, 23, 75, 22, 56, 4, 54, 80, 77]
Veiculo 4: 8 clientes, demanda: 162/200, rota: [95, 98, 61, 86, 85, 37, 97, 13]
Veiculo 5: 5 clientes, demanda: 70/200, rota: [63, 11, 64, 10, 32]
Veiculo 6: 7 clientes, demanda: 64/200, rota: [45, 82, 8, 84, 96, 60, 17]
Veiculo 7: 8 clientes, demanda: 111/200, rota: [59, 92, 42, 99, 94, 87, 74, 25]
Veiculo 8: 5 clientes, demanda: 57/200, rota: [27, 21, 67, 55, 24]
Veiculo 9: 5 clientes, demanda: 80/200, rota: [14, 16, 44, 38, 43]
Veiculo 10: 4 clientes, demanda: 27/200, rota: [2, 15, 41, 57]
Veiculo 11: 6 clientes, demanda: 97/200, rota: [28, 12, 76, 51, 81, 50]
Veiculo 12: 3 clientes, demanda: 40/200, rota: [83, 5, 6]
Veiculo 13: 3 clientes, demanda: 26/200, rota: [52, 7, 18]
Veiculo 14: 5 clientes, demanda: 64/200, rota: [69, 30, 90, 66, 20]
Veiculo 15: 5 clientes, demanda: 57/200, rota: [29, 79, 78, 34, 35]
Veiculo 16: 2 clientes, demanda: 18/200, rota: [40, 73]
