# VRP NSGA-III - Frente de Pareto
# Tempo: 492075 ms | Tamanho: 9
# Formato: Distancia Tempo Combustivel FitnessPonderado

1708,468232 1547,690487 865,500000 4125,908719
1701,591229 1560,949297 864,375000 4131,165526
1702,804857 1561,556111 864,225000 4132,835968
1709,725106 1555,446339 865,350000 4134,771444
1714,627335 1537,920872 865,575000 4122,373208
1706,639973 1557,663320 867,600000 4136,153293
1712,137552 1550,037792 865,050000 4131,475344
1718,755251 1536,704983 866,550000 4126,260234
1715,569622 1543,925136 864,450000 4128,194758
