# VRP NSGA-III - Frente de Pareto
# Tempo: 469981 ms | Tamanho: 9
# Formato: Distancia Tempo Combustivel FitnessPonderado

1707,119356 1530,547472 865,875000 4107,791829
1697,496963 1539,147678 859,050000 4099,944641
1707,574352 1531,170869 863,700000 4106,695221
1697,810091 1539,030732 859,050000 4100,140823
1707,432484 1530,430527 865,875000 4107,988011
1711,753680 1530,068737 867,375000 4113,447416
1711,895548 1530,809079 865,200000 4112,154627
1707,261225 1531,287814 863,700000 4106,499039
1727,928819 1529,845717 874,125000 4136,149535
