# VRP NSGA-III - Frente de Pareto
# Tempo: 480366 ms | Tamanho: 22
# Formato: Distancia Tempo Combustivel FitnessPonderado

1707,382662 1548,170473 862,050000 4121,853134
1724,245627 1542,105052 873,225000 4143,825678
1702,786886 1551,409425 858,825000 4117,271312
1703,547546 1552,063264 858,675000 4118,535809
1703,860673 1551,946319 858,675000 4118,731991
1711,823704 1546,837638 863,025000 4125,936343
1724,422783 1544,672833 869,850000 4143,195616
1724,735910 1544,555888 869,850000 4143,391798
1727,697117 1543,310000 870,000000 4145,257116
1724,872331 1542,214552 871,350000 4142,686883
1711,510577 1546,954583 863,025000 4125,740161
1731,478945 1539,760961 876,825000 4152,314906
1735,528041 1539,184255 873,300000 4152,262295
1702,473759 1551,526370 858,825000 4117,075130
1725,185458 1542,097607 871,350000 4142,883065
1723,715203 1543,430441 872,550000 4143,945645
1735,413746 1539,913696 872,550000 4152,127442
1724,028330 1543,313496 872,550000 4144,141827
1736,412137 1540,412891 872,400000 4153,475028
1707,695789 1548,053527 862,050000 4122,049316
1728,319950 1540,664853 871,500000 4144,734804
1714,958197 1545,404884 863,175000 4127,788081
