# VRP NSGA-III - Frente de Pareto
# Tempo: 476463 ms | Tamanho: 17
# Formato: Distancia Tempo Combustivel FitnessPonderado

1703,547546 1552,063264 858,675000 4118,535809
1702,647045 1551,339505 858,825000 4117,061550
1718,881687 1537,573621 868,800000 4129,505308
1713,786520 1545,092555 863,325000 4126,454075
1701,591229 1560,949297 864,375000 4131,165526
1702,333918 1551,456450 858,825000 4116,865367
1714,958197 1545,404884 863,175000 4127,788081
1711,510577 1546,954583 863,025000 4125,740161
1703,860673 1551,946319 858,675000 4118,731991
1717,230299 1538,701823 869,400000 4129,582122
1707,695789 1548,053527 862,050000 4122,049316
1707,382662 1548,170473 862,050000 4121,853134
1728,408993 1536,839795 873,225000 4142,723788
1714,099647 1544,975610 863,325000 4126,650257
1714,784911 1545,591750 863,175000 4127,801661
1718,568560 1537,690566 868,800000 4129,309126
1711,823704 1546,837638 863,025000 4125,936343
