# VRP NSGA-III - Frente de Pareto
# Tempo: 471835 ms | Tamanho: 18
# Formato: Distancia Tempo Combustivel FitnessPonderado

1698,356388 1550,413868 856,125000 4109,145257
1711,813898 1537,920872 870,000000 4123,984770
1702,191505 1546,521077 859,500000 4112,462582
1697,142761 1549,807054 856,275000 4107,474815
1716,083682 1537,445325 866,325000 4124,104007
1706,319420 1545,305188 860,475000 4116,349608
1707,046864 1542,017112 862,125000 4115,438976
1711,955766 1538,661214 865,350000 4120,216980
1715,941813 1536,704983 870,975000 4127,871796
1719,216147 1535,342150 871,125000 4129,933297
1718,359625 1535,583296 866,625000 4124,817921
1708,120650 1542,554005 861,975000 4116,899655
1705,695470 1543,930907 861,375000 4115,251377
1727,676929 1535,342150 871,050000 4138,319079
1707,978781 1541,813663 866,625000 4120,667445
1735,391286 1535,119130 877,875000 4152,635415
1719,358015 1536,082492 866,475000 4126,165507
1707,041120 1542,666038 859,650000 4113,607158
