Subpopulacao\Geracao	gFinal
NSGA3_DistanciaMin	1366,23
NSGA3_TempoMin	5673,74
NSGA3_CombustivelMin	690,15
NSGA3_DistanciaMedia	1399,15
NSGA3_TempoMedio	5842,11
NSGA3_CombustivelMedio	706,66
NSGA3_FitnessPonderadoMin	7835,54
NSGA3_FitnessPonderadoMedio	7930,49
NSGA3_TamanhoFrente	31
TempoExecucao(ms)	490288
Parametros	Pop=600; Geracoes=3000; Pc=1,00; Pm=0,01

=== DIAGNOSTICO ===
Solucoes criadas: 596
Total avaliacoes: 1788596
Solucoes unicas: 30275

=== HISTORICO DE EVOLUCAO ===
Eval	BestDist	BestTime	BestFuel
5000	1607,13	6168,56	816,38
10000	1589,91	6152,67	808,28
15000	1580,05	6077,71	799,35
20000	1567,84	6034,62	798,97
25000	1543,26	6034,62	785,93
30000	1541,33	5980,78	782,85
35000	1540,02	5980,78	781,58
40000	1493,95	5971,97	760,65
45000	1480,41	5962,99	754,35
50000	1477,20	5955,63	751,28
55000	1463,49	5949,23	744,98
60000	1460,28	5934,69	741,90
65000	1453,38	5934,69	738,38
70000	1425,18	5927,32	722,33
75000	1425,18	5911,08	722,33
80000	1422,27	5895,70	720,15
85000	1414,04	5855,38	719,55
90000	1414,04	5844,29	718,50
95000	1389,15	5842,68	704,85
100000	1389,15	5837,88	704,63
105000	1385,61	5825,03	703,35
110000	1385,61	5825,03	703,35
115000	1384,47	5824,07	703,35
120000	1383,80	5817,04	702,90
125000	1383,80	5817,04	702,90
130000	1383,80	5812,36	702,90
135000	1383,80	5804,61	702,90
140000	1383,80	5804,61	702,08
145000	1383,80	5804,61	702,08
150000	1383,80	5802,91	702,08
155000	1383,80	5802,91	702,08
160000	1383,80	5802,91	702,08
165000	1383,80	5802,91	702,08
170000	1383,80	5802,91	702,08
175000	1383,80	5801,30	702,08
180000	1383,80	5801,30	702,08
185000	1383,80	5801,30	702,08
190000	1383,74	5799,98	702,08
195000	1383,74	5799,98	702,08
200000	1383,74	5799,60	702,08
205000	1383,74	5795,83	702,08
210000	1382,80	5795,83	701,93
215000	1382,80	5792,45	701,93
220000	1382,80	5792,45	700,65
225000	1382,80	5792,45	700,65
230000	1382,80	5792,45	700,65
235000	1382,80	5792,45	700,65
240000	1382,80	5792,45	700,65
245000	1382,80	5783,85	700,65
250000	1380,36	5783,85	700,65
255000	1380,36	5783,75	700,65
260000	1380,36	5782,67	700,65
265000	1380,36	5782,67	700,65
270000	1380,36	5782,67	700,65
275000	1380,18	5782,67	700,65
280000	1380,18	5782,26	700,65
285000	1380,18	5782,16	700,65
290000	1380,18	5780,55	700,65
295000	1380,18	5780,55	700,65
300000	1380,18	5780,55	700,65
305000	1380,18	5780,55	700,65
310000	1380,18	5780,55	700,65
315000	1380,18	5780,55	700,65
320000	1380,18	5780,55	700,65
325000	1380,18	5780,55	700,65
330000	1380,18	5780,55	700,65
335000	1380,18	5779,85	699,82
340000	1380,18	5779,85	699,82
345000	1380,18	5779,85	699,82
350000	1380,18	5779,02	699,82
355000	1380,18	5779,02	699,82
360000	1380,18	5779,02	699,82
365000	1380,18	5778,86	699,82
370000	1380,18	5778,86	699,82
375000	1380,18	5778,86	699,82
380000	1380,18	5778,86	699,82
385000	1380,18	5778,86	699,82
390000	1380,18	5778,86	699,82
395000	1380,18	5778,86	699,82
400000	1380,18	5778,86	699,82
405000	1380,18	5778,86	699,82
410000	1380,18	5778,86	699,82
415000	1380,18	5778,86	699,82
420000	1380,18	5778,86	699,53
425000	1380,18	5778,86	699,53
430000	1380,18	5778,86	699,53
435000	1380,18	5778,86	699,53
440000	1380,18	5778,00	699,53
445000	1380,18	5778,00	699,53
450000	1380,18	5778,00	699,53
455000	1380,18	5778,00	699,53
460000	1380,18	5771,58	699,53
465000	1380,18	5771,58	699,53
470000	1378,90	5771,58	699,53
475000	1378,90	5771,58	699,53
480000	1378,90	5769,61	699,53
485000	1378,90	5769,61	699,53
490000	1378,90	5769,61	699,53
495000	1378,90	5769,61	699,53
500000	1378,90	5769,61	699,53
505000	1378,90	5769,61	699,53
510000	1378,90	5769,61	699,37
515000	1378,90	5769,61	699,37
520000	1378,90	5769,61	698,55
525000	1378,90	5769,61	698,55
530000	1378,90	5769,61	698,55
535000	1378,90	5769,61	698,55
540000	1378,90	5768,59	698,55
545000	1378,90	5766,94	698,03
550000	1378,90	5766,94	698,03
555000	1378,90	5766,94	698,03
560000	1378,90	5766,94	698,03
565000	1378,90	5766,94	698,03
570000	1378,90	5766,94	698,03
575000	1378,90	5766,94	698,03
580000	1378,90	5766,94	698,03
585000	1378,90	5766,94	698,03
590000	1378,90	5766,94	698,03
595000	1378,90	5766,94	697,57
600000	1378,90	5757,42	697,57
605000	1378,90	5757,42	697,57
610000	1378,90	5757,42	697,57
615000	1378,90	5757,42	697,57
620000	1378,90	5757,42	697,57
625000	1378,90	5757,42	697,57
630000	1378,90	5757,42	696,90
635000	1378,90	5756,50	696,90
640000	1378,90	5756,50	696,90
645000	1378,90	5756,50	696,90
650000	1378,90	5756,50	696,90
655000	1378,90	5756,50	696,90
660000	1378,90	5756,50	696,90
665000	1378,90	5756,50	696,90
670000	1378,90	5756,07	696,90
675000	1378,90	5756,07	696,90
680000	1378,90	5756,07	696,90
685000	1378,90	5756,07	696,90
690000	1378,90	5756,07	696,90
695000	1378,90	5750,09	696,90
700000	1378,90	5750,09	696,90
705000	1378,90	5750,09	696,90
710000	1378,90	5750,09	696,53
715000	1378,90	5749,74	696,53
720000	1378,90	5749,74	696,53
725000	1378,26	5749,74	696,53
730000	1378,12	5749,74	696,53
735000	1378,12	5749,74	696,53
740000	1378,12	5749,74	696,53
745000	1378,12	5749,74	696,53
750000	1378,12	5749,74	696,53
755000	1378,12	5749,74	696,53
760000	1378,12	5745,24	696,53
765000	1378,12	5745,24	696,53
770000	1378,12	5745,24	696,53
775000	1376,63	5745,24	696,07
780000	1376,63	5745,24	696,07
785000	1376,63	5745,24	696,07
790000	1376,63	5745,24	696,07
795000	1376,63	5745,24	696,07
800000	1376,63	5745,24	696,07
805000	1376,63	5745,24	696,07
810000	1376,63	5745,04	696,07
815000	1376,63	5745,04	696,07
820000	1376,63	5745,04	696,07
825000	1376,63	5745,04	696,07
830000	1374,97	5745,04	693,82
835000	1374,97	5743,55	693,82
840000	1374,97	5743,55	693,82
845000	1374,97	5743,55	693,82
850000	1374,97	5743,55	693,82
855000	1374,97	5743,55	693,82
860000	1374,97	5743,55	693,82
865000	1374,97	5742,40	693,82
870000	1374,97	5742,40	693,82
875000	1374,97	5742,40	693,82
880000	1374,97	5742,40	693,82
885000	1374,97	5742,40	693,82
890000	1374,97	5742,40	693,82
895000	1374,97	5742,40	693,82
900000	1374,97	5742,40	693,82
905000	1374,97	5742,40	693,82
910000	1374,97	5742,40	693,82
915000	1374,64	5742,40	692,40
920000	1374,64	5742,35	692,40
925000	1374,64	5742,35	692,40
930000	1374,64	5742,35	692,40
935000	1374,64	5742,35	692,40
940000	1374,64	5742,35	692,40
945000	1374,64	5742,35	692,40
950000	1374,64	5742,35	692,40
955000	1374,64	5742,35	692,40
960000	1374,64	5734,79	692,40
965000	1374,64	5705,42	692,40
970000	1374,64	5705,42	692,40
975000	1374,64	5705,42	692,40
980000	1374,64	5697,30	692,40
985000	1374,64	5685,97	692,40
990000	1374,64	5685,97	692,40
995000	1374,64	5679,24	692,40
1000000	1374,64	5677,56	692,40
1005000	1374,64	5677,56	692,40
1010000	1374,64	5677,56	692,40
1015000	1374,64	5677,54	692,40
1020000	1374,64	5676,65	692,40
1025000	1374,64	5676,65	692,40
1030000	1374,64	5676,65	692,40
1035000	1374,64	5676,65	692,40
1040000	1374,64	5676,65	692,40
1045000	1374,64	5676,65	692,40
1050000	1372,18	5676,65	692,40
1055000	1372,18	5676,65	692,40
1060000	1372,18	5676,65	692,40
1065000	1372,18	5676,65	692,40
1070000	1372,18	5676,65	692,40
1075000	1372,18	5676,65	692,40
1080000	1370,52	5676,65	692,40
1085000	1370,52	5676,65	692,40
1090000	1369,09	5676,65	692,40
1095000	1369,09	5676,65	692,40
1100000	1369,09	5676,65	692,40
1105000	1369,09	5676,65	692,40
1110000	1369,09	5676,65	692,40
1115000	1369,09	5676,65	692,40
1120000	1369,09	5676,65	692,40
1125000	1369,09	5676,65	692,40
1130000	1369,09	5676,65	692,40
1135000	1369,09	5676,65	692,40
1140000	1367,42	5676,65	690,15
1145000	1367,42	5676,65	690,15
1150000	1367,42	5676,65	690,15
1155000	1367,42	5676,65	690,15
1160000	1367,42	5676,65	690,15
1165000	1367,42	5676,65	690,15
1170000	1367,42	5676,65	690,15
1175000	1367,42	5676,65	690,15
1180000	1367,42	5676,65	690,15
1185000	1367,42	5676,65	690,15
1190000	1367,42	5676,65	690,15
1195000	1367,42	5676,65	690,15
1200000	1367,42	5676,65	690,15
1205000	1367,42	5676,65	690,15
1210000	1367,42	5676,65	690,15
1215000	1367,42	5676,65	690,15
1220000	1367,42	5676,65	690,15
1225000	1367,42	5676,65	690,15
1230000	1367,42	5676,65	690,15
1235000	1367,42	5676,65	690,15
1240000	1367,42	5676,65	690,15
1245000	1367,42	5676,65	690,15
1250000	1367,42	5676,65	690,15
1255000	1367,42	5676,65	690,15
1260000	1367,42	5676,65	690,15
1265000	1367,42	5676,65	690,15
1270000	1367,42	5676,65	690,15
1275000	1367,42	5676,65	690,15
1280000	1367,42	5676,65	690,15
1285000	1367,42	5676,65	690,15
1290000	1367,42	5676,65	690,15
1295000	1367,42	5676,65	690,15
1300000	1367,42	5676,65	690,15
1305000	1367,42	5676,65	690,15
1310000	1367,42	5676,65	690,15
1315000	1367,42	5676,65	690,15
1320000	1367,42	5676,65	690,15
1325000	1367,42	5676,65	690,15
1330000	1367,42	5676,65	690,15
1335000	1367,42	5676,65	690,15
1340000	1367,42	5676,65	690,15
1345000	1367,42	5676,65	690,15
1350000	1367,42	5676,65	690,15
1355000	1367,42	5676,65	690,15
1360000	1367,42	5676,65	690,15
1365000	1367,42	5676,65	690,15
1370000	1367,42	5676,65	690,15
1375000	1367,42	5676,65	690,15
1380000	1367,42	5676,65	690,15
1385000	1367,42	5676,65	690,15
1390000	1367,06	5676,65	690,15
1395000	1367,06	5676,65	690,15
1400000	1367,06	5676,65	690,15
1405000	1367,06	5676,65	690,15
1410000	1367,06	5676,65	690,15
1415000	1367,06	5676,65	690,15
1420000	1367,06	5676,65	690,15
1425000	1367,06	5676,65	690,15
1430000	1367,06	5676,65	690,15
1435000	1367,06	5676,65	690,15
1440000	1367,06	5676,65	690,15
1445000	1367,06	5676,65	690,15
1450000	1367,06	5676,65	690,15
1455000	1367,06	5676,65	690,15
1460000	1367,06	5676,65	690,15
1465000	1367,06	5676,65	690,15
1470000	1367,06	5676,65	690,15
1475000	1367,06	5676,65	690,15
1480000	1367,06	5676,65	690,15
1485000	1367,06	5676,65	690,15
1490000	1367,06	5676,65	690,15
1495000	1367,06	5675,44	690,15
1500000	1367,06	5675,44	690,15
1505000	1367,06	5675,44	690,15
1510000	1367,06	5675,44	690,15
1515000	1367,06	5675,44	690,15
1520000	1367,06	5675,44	690,15
1525000	1367,06	5675,44	690,15
1530000	1367,06	5675,44	690,15
1535000	1367,06	5675,44	690,15
1540000	1367,06	5675,44	690,15
1545000	1367,06	5675,44	690,15
1550000	1367,06	5675,44	690,15
1555000	1367,06	5675,44	690,15
1560000	1367,06	5675,44	690,15
1565000	1366,23	5675,44	690,15
1570000	1366,23	5675,44	690,15
1575000	1366,23	5675,44	690,15
1580000	1366,23	5675,44	690,15
1585000	1366,23	5675,44	690,15
1590000	1366,23	5675,44	690,15
1595000	1366,23	5675,44	690,15
1600000	1366,23	5675,44	690,15
1605000	1366,23	5675,44	690,15
1610000	1366,23	5675,44	690,15
1615000	1366,23	5675,38	690,15
1620000	1366,23	5675,38	690,15
1625000	1366,23	5675,38	690,15
1630000	1366,23	5675,38	690,15
1635000	1366,23	5675,38	690,15
1640000	1366,23	5675,38	690,15
1645000	1366,23	5675,38	690,15
1650000	1366,23	5675,38	690,15
1655000	1366,23	5675,38	690,15
1660000	1366,23	5675,38	690,15
1665000	1366,23	5675,38	690,15
1670000	1366,23	5675,38	690,15
1675000	1366,23	5675,38	690,15
1680000	1366,23	5675,25	690,15
1685000	1366,23	5675,25	690,15
1690000	1366,23	5673,74	690,15
1695000	1366,23	5673,74	690,15
1700000	1366,23	5673,74	690,15
1705000	1366,23	5673,74	690,15
1710000	1366,23	5673,74	690,15
1715000	1366,23	5673,74	690,15
1720000	1366,23	5673,74	690,15
1725000	1366,23	5673,74	690,15
1730000	1366,23	5673,74	690,15
1735000	1366,23	5673,74	690,15
1740000	1366,23	5673,74	690,15
1745000	1366,23	5673,74	690,15
1750000	1366,23	5673,74	690,15
1755000	1366,23	5673,74	690,15
1760000	1366,23	5673,74	690,15
1765000	1366,23	5673,74	690,15
1770000	1366,23	5673,74	690,15
1775000	1366,23	5673,74	690,15
1780000	1366,23	5673,74	690,15
1785000	1366,23	5673,74	690,15

=== MELHOR SOLUCAO (Fitness Ponderado Minimo) ===
Fitness Ponderado: 7835,535536
Distancia: 1444,69
Tempo: 5677,08
Combustivel: 731,18

Veiculo 0: 12 clientes, demanda: 180/200, rota: [13, 17, 8, 10, 11, 9, 6, 4, 3, 5, 1, 75]
Veiculo 1: 9 clientes, demanda: 200/200, rota: [81, 78, 76, 74, 64, 68, 66, 69, 63]
Veiculo 2: 11 clientes, demanda: 190/200, rota: [57, 55, 54, 53, 59, 72, 61, 47, 31, 29, 24]
Veiculo 3: 11 clientes, demanda: 200/200, rota: [32, 33, 37, 35, 30, 28, 26, 23, 22, 21, 20]
Veiculo 4: 12 clientes, demanda: 200/200, rota: [90, 87, 86, 83, 82, 84, 85, 88, 89, 91, 98, 96]
Veiculo 5: 12 clientes, demanda: 150/200, rota: [43, 42, 41, 40, 44, 45, 48, 51, 50, 52, 49, 46]
Veiculo 6: 9 clientes, demanda: 190/200, rota: [65, 25, 60, 56, 58, 36, 34, 18, 19]
Veiculo 7: 10 clientes, demanda: 190/200, rota: [2, 97, 73, 70, 71, 77, 79, 80, 95, 94]
Veiculo 8: 8 clientes, demanda: 190/200, rota: [27, 15, 38, 39, 16, 14, 12, 7]
Veiculo 9: 5 clientes, demanda: 110/200, rota: [62, 92, 93, 100, 99]
Veiculo 11: 1 clientes, demanda: 10/200, rota: [67]
