Subpopulacao\Geracao	gFinal
NSGA3_DistanciaMin	1185,72
NSGA3_TempoMin	5469,86
NSGA3_CombustivelMin	597,60
NSGA3_DistanciaMedia	1242,36
NSGA3_TempoMedio	5520,74
NSGA3_CombustivelMedio	627,77
NSGA3_FitnessPonderadoMin	7340,24
NSGA3_FitnessPonderadoMedio	7393,36
NSGA3_TamanhoFrente	35
TempoExecucao(ms)	500907
Parametros	Pop=600; Geracoes=3000; Pc=1,00; Pm=0,01

=== DIAGNOSTICO ===
Solucoes criadas: 596
Total avaliacoes: 1788596
Solucoes unicas: 30576

=== HISTORICO DE EVOLUCAO ===
Eval	BestDist	BestTime	BestFuel
5000	1608,44	6167,91	817,72
10000	1586,80	6143,83	806,85
15000	1575,24	6122,15	804,45
20000	1560,10	6051,32	793,35
25000	1549,74	6048,91	787,05
30000	1533,54	6033,01	778,35
35000	1502,43	6033,01	763,80
40000	1485,51	6029,25	757,05
45000	1483,66	6016,76	757,05
50000	1477,46	6012,42	752,70
55000	1474,27	6002,14	752,70
60000	1470,88	5996,60	749,48
65000	1469,79	5991,04	747,53
70000	1466,16	5991,04	745,13
75000	1466,16	5981,46	744,37
80000	1451,26	5975,90	740,40
85000	1450,11	5974,71	738,68
90000	1423,31	5971,21	719,18
95000	1416,15	5961,73	717,38
100000	1416,15	5961,73	717,38
105000	1413,53	5959,84	717,22
110000	1412,39	5959,84	717,22
115000	1412,23	5959,84	717,22
120000	1412,23	5952,19	715,73
125000	1412,23	5952,19	715,73
130000	1411,09	5951,85	715,73
135000	1411,09	5942,36	715,73
140000	1411,09	5942,36	715,73
145000	1411,09	5942,36	715,73
150000	1411,09	5942,36	715,73
155000	1407,04	5934,38	714,38
160000	1407,04	5840,38	714,38
165000	1405,40	5808,21	711,82
170000	1405,40	5808,21	711,82
175000	1405,40	5800,11	709,57
180000	1405,40	5797,30	709,57
185000	1403,76	5790,64	709,57
190000	1403,76	5790,64	709,57
195000	1403,76	5790,64	709,57
200000	1403,76	5790,64	709,57
205000	1403,76	5790,64	709,57
210000	1403,76	5790,64	709,57
215000	1403,76	5790,58	709,57
220000	1403,76	5790,58	709,57
225000	1403,76	5790,58	709,57
230000	1403,76	5790,58	709,57
235000	1403,76	5790,58	709,35
240000	1403,76	5783,28	709,35
245000	1399,45	5783,28	709,35
250000	1399,45	5782,34	707,40
255000	1386,00	5782,34	703,05
260000	1386,00	5782,34	703,05
265000	1382,88	5782,34	697,65
270000	1382,88	5782,13	697,65
275000	1382,48	5782,13	697,65
280000	1382,48	5780,09	697,65
285000	1382,48	5780,09	697,65
290000	1382,48	5777,28	697,65
295000	1382,48	5777,28	697,65
300000	1382,48	5777,28	697,65
305000	1382,48	5777,28	697,65
310000	1382,48	5777,28	697,65
315000	1382,48	5777,28	697,65
320000	1382,48	5777,28	697,65
325000	1382,48	5774,16	697,65
330000	1381,67	5774,16	697,05
335000	1381,67	5774,16	697,05
340000	1381,67	5774,16	697,05
345000	1381,67	5774,16	697,05
350000	1381,67	5774,16	697,05
355000	1381,67	5774,16	696,68
360000	1381,67	5774,16	696,68
365000	1380,96	5774,16	693,00
370000	1379,22	5774,16	693,00
375000	1379,22	5774,16	693,00
380000	1379,22	5774,16	693,00
385000	1379,22	5774,16	693,00
390000	1379,22	5773,88	693,00
395000	1379,22	5773,88	693,00
400000	1379,22	5772,47	693,00
405000	1379,22	5768,71	693,00
410000	1379,22	5768,71	693,00
415000	1379,22	5765,73	693,00
420000	1379,22	5765,73	693,00
425000	1379,22	5763,43	693,00
430000	1379,22	5763,43	693,00
435000	1379,22	5763,43	693,00
440000	1379,22	5763,43	693,00
445000	1379,22	5763,43	693,00
450000	1379,22	5763,23	693,00
455000	1379,22	5763,23	693,00
460000	1379,22	5763,23	693,00
465000	1379,22	5763,23	693,00
470000	1379,22	5763,23	693,00
475000	1379,22	5763,23	693,00
480000	1379,22	5763,23	693,00
485000	1379,22	5763,23	693,00
490000	1379,22	5763,23	693,00
495000	1379,22	5763,23	693,00
500000	1379,22	5763,23	693,00
505000	1379,22	5763,23	693,00
510000	1379,22	5763,23	693,00
515000	1379,22	5763,23	693,00
520000	1379,22	5749,72	693,00
525000	1379,22	5749,72	693,00
530000	1379,22	5749,72	693,00
535000	1379,22	5749,02	693,00
540000	1379,22	5744,38	693,00
545000	1379,22	5744,38	693,00
550000	1379,22	5744,38	693,00
555000	1379,22	5744,38	693,00
560000	1379,22	5744,38	693,00
565000	1379,22	5744,38	693,00
570000	1379,22	5743,38	693,00
575000	1379,22	5743,38	693,00
580000	1379,22	5743,38	693,00
585000	1379,22	5743,38	693,00
590000	1379,22	5743,38	693,00
595000	1379,22	5743,38	693,00
600000	1379,22	5743,38	693,00
605000	1379,22	5743,38	693,00
610000	1379,22	5743,38	693,00
615000	1379,22	5743,38	693,00
620000	1379,22	5743,38	693,00
625000	1379,22	5743,38	693,00
630000	1379,22	5743,38	693,00
635000	1379,22	5743,38	693,00
640000	1379,22	5743,38	693,00
645000	1379,22	5743,38	693,00
650000	1379,22	5738,93	693,00
655000	1379,22	5738,93	693,00
660000	1379,22	5710,69	693,00
665000	1379,22	5710,69	693,00
670000	1379,22	5710,69	693,00
675000	1379,22	5710,69	693,00
680000	1379,22	5710,69	693,00
685000	1379,22	5710,69	693,00
690000	1379,22	5710,69	691,65
695000	1379,22	5710,69	691,65
700000	1379,22	5710,69	691,65
705000	1379,22	5710,69	691,65
710000	1379,22	5708,76	691,65
715000	1379,22	5708,76	691,65
720000	1379,22	5708,76	691,65
725000	1379,22	5708,76	691,65
730000	1379,22	5708,76	691,65
735000	1379,22	5708,76	691,65
740000	1379,22	5708,76	691,65
745000	1379,22	5708,76	691,65
750000	1379,22	5708,76	691,65
755000	1379,22	5708,76	691,65
760000	1379,22	5708,76	691,65
765000	1379,22	5708,76	691,65
770000	1379,22	5708,76	691,65
775000	1379,22	5708,76	691,65
780000	1379,22	5708,76	691,65
785000	1379,22	5708,76	691,65
790000	1379,22	5708,76	691,65
795000	1379,22	5708,76	691,65
800000	1379,22	5708,76	691,65
805000	1379,22	5708,76	691,65
810000	1379,22	5708,76	691,65
815000	1379,22	5708,76	691,65
820000	1379,22	5708,76	691,65
825000	1379,22	5708,76	691,65
830000	1379,22	5708,55	691,65
835000	1379,22	5708,55	691,65
840000	1379,22	5708,55	691,65
845000	1379,22	5708,55	691,65
850000	1379,22	5708,55	691,65
855000	1379,22	5708,55	691,65
860000	1379,22	5708,55	691,65
865000	1379,22	5708,55	691,65
870000	1379,22	5708,55	691,65
875000	1379,22	5699,06	691,65
880000	1379,22	5699,06	691,65
885000	1379,22	5699,06	691,65
890000	1379,22	5699,06	691,28
895000	1379,22	5699,06	691,28
900000	1379,22	5699,06	691,28
905000	1379,22	5699,06	691,28
910000	1379,22	5699,06	691,28
915000	1379,22	5699,06	691,28
920000	1379,22	5699,06	691,28
925000	1375,09	5699,06	691,28
930000	1375,09	5699,06	691,28
935000	1375,09	5699,06	691,28
940000	1375,09	5699,06	691,28
945000	1375,09	5699,06	691,28
950000	1375,09	5699,06	691,28
955000	1375,09	5699,06	691,28
960000	1374,50	5699,06	691,28
965000	1374,50	5699,06	691,28
970000	1372,40	5699,06	691,28
975000	1372,40	5699,06	691,28
980000	1372,40	5699,06	691,28
985000	1372,00	5699,06	691,28
990000	1372,00	5699,06	691,28
995000	1372,00	5699,06	691,28
1000000	1372,00	5699,06	691,28
1005000	1372,00	5699,06	691,28
1010000	1372,00	5699,06	691,28
1015000	1372,00	5699,06	691,28
1020000	1371,41	5699,06	691,28
1025000	1371,41	5699,06	691,28
1030000	1371,41	5699,06	691,28
1035000	1371,41	5699,06	691,28
1040000	1371,41	5699,06	691,28
1045000	1371,41	5699,06	691,28
1050000	1371,41	5699,06	691,28
1055000	1371,41	5699,06	691,28
1060000	1371,41	5699,06	691,28
1065000	1371,41	5699,00	691,28
1070000	1371,41	5699,00	691,28
1075000	1371,41	5699,00	691,28
1080000	1371,41	5699,00	691,28
1085000	1371,41	5699,00	691,28
1090000	1371,41	5699,00	691,28
1095000	1371,41	5699,00	691,28
1100000	1371,41	5699,00	691,28
1105000	1371,41	5699,00	691,28
1110000	1371,41	5699,00	691,28
1115000	1371,41	5699,00	691,28
1120000	1371,41	5699,00	691,28
1125000	1371,41	5699,00	691,28
1130000	1371,41	5699,00	691,28
1135000	1371,41	5699,00	691,28
1140000	1371,41	5699,00	691,28
1145000	1356,43	5698,85	688,43
1150000	1356,43	5682,79	688,43
1155000	1356,43	5682,79	688,43
1160000	1356,43	5682,79	688,43
1165000	1356,43	5666,45	688,43
1170000	1356,43	5664,15	688,43
1175000	1353,60	5664,15	686,55
1180000	1353,60	5664,15	686,55
1185000	1353,60	5664,15	686,55
1190000	1353,34	5664,15	686,55
1195000	1353,15	5664,15	686,55
1200000	1352,47	5664,15	686,55
1205000	1352,47	5664,15	686,55
1210000	1352,47	5662,77	686,55
1215000	1352,47	5662,77	686,03
1220000	1352,47	5662,77	686,03
1225000	1352,28	5661,71	686,03
1230000	1352,28	5661,71	686,03
1235000	1352,28	5661,71	686,03
1240000	1352,28	5661,71	686,03
1245000	1352,28	5661,71	686,03
1250000	1352,28	5660,76	686,03
1255000	1352,28	5660,76	686,03
1260000	1352,28	5660,76	686,03
1265000	1352,28	5660,76	686,03
1270000	1352,28	5660,76	686,03
1275000	1352,28	5660,76	686,03
1280000	1352,28	5660,76	686,03
1285000	1352,28	5653,97	686,03
1290000	1352,28	5652,86	686,03
1295000	1352,28	5652,86	686,03
1300000	1352,28	5652,47	686,03
1305000	1352,28	5652,47	686,03
1310000	1352,28	5652,47	686,03
1315000	1352,28	5651,99	686,03
1320000	1352,28	5651,99	686,03
1325000	1352,28	5651,99	686,03
1330000	1352,28	5641,89	686,03
1335000	1352,28	5641,89	686,03
1340000	1351,90	5641,89	686,03
1345000	1351,90	5641,89	686,03
1350000	1351,85	5641,89	684,83
1355000	1351,85	5638,48	684,83
1360000	1347,71	5636,55	684,83
1365000	1347,71	5635,33	684,83
1370000	1347,71	5635,33	684,83
1375000	1347,71	5633,40	684,83
1380000	1346,12	5620,13	683,40
1385000	1346,12	5620,13	682,20
1390000	1346,12	5620,13	680,55
1395000	1344,43	5580,78	680,55
1400000	1344,43	5580,78	680,55
1405000	1344,43	5550,25	680,55
1410000	1343,50	5549,81	680,55
1415000	1343,50	5521,52	680,55
1420000	1343,50	5521,52	680,55
1425000	1343,50	5517,26	680,55
1430000	1343,50	5517,06	680,55
1435000	1343,50	5517,06	680,18
1440000	1343,50	5517,06	680,18
1445000	1343,50	5516,81	680,18
1450000	1343,50	5516,81	680,18
1455000	1341,73	5516,81	678,53
1460000	1341,73	5497,78	678,53
1465000	1341,73	5497,78	678,53
1470000	1340,02	5497,78	677,93
1475000	1323,06	5489,67	669,60
1480000	1304,79	5487,75	661,35
1485000	1302,10	5486,68	657,30
1490000	1294,28	5486,68	653,03
1495000	1294,28	5486,68	653,03
1500000	1276,02	5470,94	644,78
1505000	1272,99	5470,94	644,78
1510000	1272,99	5470,94	644,40
1515000	1269,02	5470,94	644,40
1520000	1202,57	5470,94	609,30
1525000	1198,91	5469,84	605,63
1530000	1198,91	5469,84	605,63
1535000	1197,22	5469,84	604,50
1540000	1197,07	5469,84	603,82
1545000	1195,89	5469,84	603,23
1550000	1195,89	5469,84	603,23
1555000	1192,21	5469,84	600,15
1560000	1192,21	5469,84	600,15
1565000	1192,21	5469,68	598,35
1570000	1192,21	5469,68	598,35
1575000	1192,21	5469,68	598,35
1580000	1192,21	5469,68	598,35
1585000	1192,21	5469,68	598,35
1590000	1192,21	5469,68	598,35
1595000	1192,21	5469,68	598,35
1600000	1192,21	5469,68	598,35
1605000	1192,21	5469,68	598,35
1610000	1192,21	5469,68	598,35
1615000	1189,13	5469,68	598,35
1620000	1189,13	5469,68	598,35
1625000	1189,13	5469,68	598,35
1630000	1189,13	5469,68	598,35
1635000	1188,03	5469,68	598,35
1640000	1188,03	5469,68	598,35
1645000	1188,03	5469,68	597,97
1650000	1188,03	5469,68	597,97
1655000	1188,03	5469,68	597,97
1660000	1187,67	5469,68	597,97
1665000	1187,67	5469,68	597,60
1670000	1187,67	5469,68	597,60
1675000	1187,67	5469,68	597,60
1680000	1187,67	5469,68	597,60
1685000	1187,67	5469,68	597,60
1690000	1187,67	5469,68	597,60
1695000	1187,67	5469,68	597,60
1700000	1187,67	5469,68	597,60
1705000	1187,67	5469,68	597,60
1710000	1187,67	5469,68	597,60
1715000	1187,67	5469,68	597,60
1720000	1187,67	5469,68	597,60
1725000	1187,67	5469,68	597,60
1730000	1187,67	5469,68	597,60
1735000	1187,67	5469,68	597,60
1740000	1187,67	5469,68	597,60
1745000	1187,67	5469,68	597,60
1750000	1187,67	5469,68	597,60
1755000	1187,67	5469,68	597,60
1760000	1187,67	5469,68	597,60
1765000	1187,67	5469,68	597,60
1770000	1187,67	5469,68	597,60
1775000	1187,67	5469,68	597,60
1780000	1187,67	5469,68	597,60
1785000	1185,72	5469,68	597,60

=== MELHOR SOLUCAO (Fitness Ponderado Minimo) ===
Fitness Ponderado: 7340,238910
Distancia: 1226,72
Tempo: 5491,30
Combustivel: 619,72

Veiculo 0: 12 clientes, demanda: 200/200, rota: [13, 17, 8, 10, 11, 9, 6, 4, 3, 2, 1, 7]
Veiculo 1: 10 clientes, demanda: 170/200, rota: [81, 78, 76, 74, 72, 64, 68, 66, 69, 61]
Veiculo 2: 11 clientes, demanda: 200/200, rota: [54, 55, 53, 56, 58, 60, 59, 48, 47, 43, 49]
Veiculo 3: 11 clientes, demanda: 200/200, rota: [57, 25, 27, 29, 30, 28, 26, 23, 22, 21, 20]
Veiculo 4: 12 clientes, demanda: 200/200, rota: [90, 87, 86, 83, 82, 84, 85, 88, 89, 91, 75, 5]
Veiculo 5: 12 clientes, demanda: 180/200, rota: [67, 42, 41, 40, 44, 46, 45, 51, 50, 52, 31, 32]
Veiculo 6: 10 clientes, demanda: 190/200, rota: [37, 33, 35, 38, 39, 36, 34, 18, 19, 24]
Veiculo 7: 10 clientes, demanda: 190/200, rota: [65, 63, 73, 70, 71, 77, 79, 80, 94, 95]
Veiculo 8: 4 clientes, demanda: 110/200, rota: [12, 16, 14, 15]
Veiculo 9: 8 clientes, demanda: 170/200, rota: [62, 92, 93, 100, 99, 96, 97, 98]
