Subpopulacao\Geracao	gFinal
NSGA3_DistanciaMin	1315,99
NSGA3_TempoMin	5572,39
NSGA3_CombustivelMin	662,93
NSGA3_DistanciaMedia	1347,33
NSGA3_TempoMedio	5710,15
NSGA3_CombustivelMedio	681,22
NSGA3_FitnessPonderadoMin	7684,75
NSGA3_FitnessPonderadoMedio	7741,45
NSGA3_TamanhoFrente	52
TempoExecucao(ms)	497133
Parametros	Pop=600; Geracoes=3000; Pc=1,00; Pm=0,01

=== DIAGNOSTICO ===
Solucoes criadas: 596
Total avaliacoes: 1788596
Solucoes unicas: 29600

=== HISTORICO DE EVOLUCAO ===
Eval	BestDist	BestTime	BestFuel
5000	1608,44	6173,10	817,72
10000	1591,34	6153,33	806,03
15000	1577,48	6076,90	801,53
20000	1574,26	6065,29	798,75
25000	1543,38	6043,01	781,80
30000	1533,79	6033,01	781,80
35000	1508,28	5979,17	763,50
40000	1491,36	5979,17	756,75
45000	1483,97	5962,04	753,22
50000	1474,64	5962,04	747,07
55000	1463,02	5942,54	740,40
60000	1450,05	5891,67	735,53
65000	1421,35	5868,07	720,97
70000	1416,56	5855,80	718,27
75000	1407,87	5836,30	716,62
80000	1404,81	5831,40	708,60
85000	1404,81	5830,34	708,60
90000	1389,05	5829,02	704,77
95000	1389,05	5829,02	704,77
100000	1389,05	5826,97	704,77
105000	1384,50	5802,17	701,70
110000	1384,50	5801,52	701,70
115000	1381,41	5801,52	700,50
120000	1381,41	5796,56	697,35
125000	1381,41	5796,56	697,35
130000	1381,41	5796,56	697,35
135000	1381,41	5796,56	697,35
140000	1367,07	5796,56	697,35
145000	1367,07	5796,56	696,90
150000	1364,56	5789,32	696,90
155000	1364,56	5789,32	696,90
160000	1363,54	5778,07	696,90
165000	1361,31	5778,07	692,63
170000	1361,31	5778,07	692,63
175000	1359,49	5773,10	692,63
180000	1359,49	5773,10	692,63
185000	1359,49	5771,40	692,63
190000	1359,49	5771,40	692,63
195000	1359,18	5771,40	687,68
200000	1359,18	5766,24	687,68
205000	1359,18	5766,24	687,68
210000	1359,18	5766,24	687,68
215000	1359,18	5765,11	687,68
220000	1359,18	5764,50	687,68
225000	1359,18	5764,50	687,68
230000	1357,94	5764,50	687,68
235000	1357,94	5762,14	687,68
240000	1357,94	5762,14	687,68
245000	1357,94	5740,00	687,68
250000	1357,94	5737,90	687,68
255000	1357,94	5737,90	687,68
260000	1357,94	5736,90	687,68
265000	1355,97	5736,90	687,22
270000	1355,97	5736,70	687,22
275000	1354,38	5736,68	687,22
280000	1350,19	5736,68	687,22
285000	1350,19	5736,68	687,22
290000	1350,19	5736,43	687,22
295000	1350,19	5735,82	687,22
300000	1350,19	5735,82	686,47
305000	1350,19	5735,82	686,47
310000	1350,19	5726,09	686,47
315000	1350,19	5726,09	686,47
320000	1350,19	5726,09	686,47
325000	1350,19	5726,09	686,47
330000	1350,19	5720,50	686,47
335000	1350,19	5720,50	686,47
340000	1350,19	5720,50	686,47
345000	1350,19	5720,50	686,47
350000	1350,19	5720,23	686,47
355000	1350,19	5720,23	686,47
360000	1350,19	5720,23	686,47
365000	1350,19	5716,86	686,47
370000	1350,19	5716,86	686,47
375000	1350,19	5716,24	686,47
380000	1350,19	5702,70	686,47
385000	1350,19	5701,18	686,47
390000	1350,19	5701,18	686,47
395000	1350,19	5697,22	685,20
400000	1350,19	5697,22	685,20
405000	1350,19	5697,22	685,20
410000	1350,19	5694,52	685,20
415000	1350,19	5694,52	685,20
420000	1350,19	5694,52	685,20
425000	1350,19	5694,52	685,20
430000	1350,19	5694,52	685,20
435000	1350,19	5694,52	685,20
440000	1350,19	5694,52	685,20
445000	1350,19	5694,52	685,20
450000	1350,19	5694,52	685,20
455000	1350,19	5694,52	685,20
460000	1350,19	5694,52	685,20
465000	1350,19	5694,52	685,20
470000	1350,19	5693,78	685,20
475000	1350,19	5693,78	685,20
480000	1350,19	5693,78	685,20
485000	1350,19	5693,78	685,20
490000	1350,19	5693,78	685,20
495000	1350,19	5681,77	685,20
500000	1350,19	5681,77	685,20
505000	1350,19	5681,77	685,20
510000	1349,28	5681,28	685,20
515000	1349,28	5681,28	685,20
520000	1347,66	5680,54	685,20
525000	1347,66	5680,54	685,20
530000	1347,66	5680,54	685,20
535000	1347,66	5680,07	684,15
540000	1347,66	5680,07	684,15
545000	1347,66	5680,07	684,15
550000	1347,66	5679,98	684,15
555000	1346,98	5679,98	682,12
560000	1346,98	5673,95	682,12
565000	1346,98	5673,61	682,12
570000	1346,98	5673,59	682,12
575000	1346,12	5673,59	682,12
580000	1345,17	5673,59	682,12
585000	1345,17	5673,59	682,12
590000	1337,38	5673,59	679,50
595000	1337,38	5659,24	679,50
600000	1337,38	5659,24	679,50
605000	1335,28	5659,24	675,60
610000	1335,28	5659,24	675,60
615000	1335,28	5659,24	675,60
620000	1335,28	5659,24	675,60
625000	1335,28	5658,72	675,60
630000	1335,14	5658,72	675,60
635000	1335,14	5658,72	675,60
640000	1331,09	5658,72	675,60
645000	1331,09	5658,72	675,60
650000	1331,09	5657,64	675,60
655000	1328,56	5657,64	675,60
660000	1325,95	5657,15	674,93
665000	1325,95	5657,15	674,93
670000	1325,95	5657,15	674,93
675000	1325,95	5657,15	674,93
680000	1325,95	5657,15	674,93
685000	1325,95	5657,15	674,93
690000	1325,95	5654,04	671,25
695000	1324,01	5654,04	671,25
700000	1324,01	5654,04	671,25
705000	1324,01	5654,04	668,32
710000	1323,50	5654,04	668,32
715000	1323,50	5654,04	668,32
720000	1323,50	5654,04	668,32
725000	1323,50	5654,04	668,32
730000	1323,50	5654,04	668,32
735000	1323,50	5654,04	668,32
740000	1323,50	5654,04	668,32
745000	1323,50	5654,04	668,32
750000	1323,50	5654,04	668,32
755000	1323,50	5653,52	668,32
760000	1323,50	5653,52	668,32
765000	1322,44	5653,52	668,32
770000	1321,95	5653,52	668,32
775000	1321,95	5653,52	668,32
780000	1321,95	5653,52	668,32
785000	1321,95	5653,52	668,32
790000	1321,95	5653,52	668,32
795000	1321,95	5653,52	667,80
800000	1321,95	5653,52	667,80
805000	1321,95	5653,52	667,80
810000	1321,95	5653,52	667,80
815000	1317,98	5653,52	667,05
820000	1317,98	5653,52	667,05
825000	1317,98	5653,52	667,05
830000	1317,47	5653,52	667,05
835000	1317,47	5653,52	667,05
840000	1317,47	5653,52	667,05
845000	1317,47	5653,52	667,05
850000	1317,47	5653,52	667,05
855000	1317,47	5653,52	667,05
860000	1317,47	5653,52	667,05
865000	1317,47	5653,52	667,05
870000	1317,47	5653,52	667,05
875000	1317,47	5653,52	667,05
880000	1317,47	5653,52	667,05
885000	1317,47	5653,52	667,05
890000	1317,47	5653,02	667,05
895000	1317,47	5653,02	667,05
900000	1317,47	5653,02	667,05
905000	1317,47	5653,02	667,05
910000	1317,47	5653,02	667,05
915000	1317,47	5653,02	667,05
920000	1317,47	5653,02	667,05
925000	1317,47	5653,02	667,05
930000	1317,47	5653,02	667,05
935000	1317,47	5653,02	667,05
940000	1317,47	5653,02	666,53
945000	1317,47	5653,02	666,53
950000	1317,47	5653,02	666,53
955000	1317,47	5653,02	666,15
960000	1317,47	5653,02	666,15
965000	1317,47	5653,02	666,15
970000	1317,47	5650,84	666,15
975000	1317,47	5650,84	666,15
980000	1317,47	5650,84	665,63
985000	1317,47	5650,84	665,63
990000	1315,99	5643,45	665,63
995000	1315,99	5643,45	665,18
1000000	1315,99	5643,45	665,18
1005000	1315,99	5643,45	665,18
1010000	1315,99	5643,45	665,18
1015000	1315,99	5643,45	665,18
1020000	1315,99	5643,45	665,18
1025000	1315,99	5643,45	665,18
1030000	1315,99	5643,45	665,18
1035000	1315,99	5643,45	665,18
1040000	1315,99	5643,45	665,18
1045000	1315,99	5643,45	665,18
1050000	1315,99	5643,45	665,18
1055000	1315,99	5643,45	665,18
1060000	1315,99	5643,45	665,18
1065000	1315,99	5643,45	665,18
1070000	1315,99	5643,45	665,18
1075000	1315,99	5643,45	665,18
1080000	1315,99	5643,45	665,18
1085000	1315,99	5643,45	665,18
1090000	1315,99	5643,45	665,18
1095000	1315,99	5643,45	665,18
1100000	1315,99	5643,45	665,18
1105000	1315,99	5643,45	665,18
1110000	1315,99	5643,45	665,18
1115000	1315,99	5643,45	665,18
1120000	1315,99	5643,45	665,18
1125000	1315,99	5643,45	665,18
1130000	1315,99	5643,45	665,18
1135000	1315,99	5643,45	665,18
1140000	1315,99	5643,45	665,18
1145000	1315,99	5643,45	665,18
1150000	1315,99	5643,45	665,18
1155000	1315,99	5643,45	665,18
1160000	1315,99	5643,45	665,18
1165000	1315,99	5643,45	665,18
1170000	1315,99	5643,45	665,18
1175000	1315,99	5640,76	665,18
1180000	1315,99	5638,15	665,18
1185000	1315,99	5638,15	665,18
1190000	1315,99	5638,15	665,18
1195000	1315,99	5633,08	665,18
1200000	1315,99	5633,08	665,18
1205000	1315,99	5633,08	665,18
1210000	1315,99	5633,08	665,18
1215000	1315,99	5633,08	665,18
1220000	1315,99	5633,08	665,18
1225000	1315,99	5633,08	665,18
1230000	1315,99	5633,08	665,18
1235000	1315,99	5633,08	665,18
1240000	1315,99	5633,08	665,18
1245000	1315,99	5633,08	665,18
1250000	1315,99	5633,08	665,18
1255000	1315,99	5633,08	665,18
1260000	1315,99	5633,08	665,18
1265000	1315,99	5633,08	665,18
1270000	1315,99	5633,08	665,18
1275000	1315,99	5633,08	665,18
1280000	1315,99	5633,08	665,18
1285000	1315,99	5633,08	665,18
1290000	1315,99	5633,08	665,18
1295000	1315,99	5633,08	665,18
1300000	1315,99	5633,08	665,18
1305000	1315,99	5633,08	665,18
1310000	1315,99	5633,08	665,18
1315000	1315,99	5633,08	665,18
1320000	1315,99	5633,08	665,18
1325000	1315,99	5633,08	665,18
1330000	1315,99	5633,08	665,18
1335000	1315,99	5633,08	665,18
1340000	1315,99	5633,08	665,18
1345000	1315,99	5633,08	665,18
1350000	1315,99	5632,23	665,18
1355000	1315,99	5632,23	665,18
1360000	1315,99	5632,23	665,18
1365000	1315,99	5632,23	665,18
1370000	1315,99	5632,23	665,18
1375000	1315,99	5632,23	665,18
1380000	1315,99	5632,23	665,18
1385000	1315,99	5632,23	665,18
1390000	1315,99	5632,23	665,18
1395000	1315,99	5632,23	665,18
1400000	1315,99	5632,23	665,18
1405000	1315,99	5632,23	665,18
1410000	1315,99	5632,23	665,18
1415000	1315,99	5632,16	665,18
1420000	1315,99	5631,67	665,18
1425000	1315,99	5631,67	665,18
1430000	1315,99	5631,67	665,18
1435000	1315,99	5631,67	665,18
1440000	1315,99	5631,67	665,18
1445000	1315,99	5631,67	665,18
1450000	1315,99	5631,67	665,18
1455000	1315,99	5631,67	665,18
1460000	1315,99	5631,67	665,18
1465000	1315,99	5631,67	665,18
1470000	1315,99	5631,67	665,18
1475000	1315,99	5631,67	665,18
1480000	1315,99	5631,67	665,18
1485000	1315,99	5631,67	665,18
1490000	1315,99	5631,67	665,18
1495000	1315,99	5631,67	665,18
1500000	1315,99	5611,86	665,18
1505000	1315,99	5611,86	665,18
1510000	1315,99	5611,86	665,18
1515000	1315,99	5611,86	665,18
1520000	1315,99	5611,86	665,18
1525000	1315,99	5611,86	665,18
1530000	1315,99	5611,86	665,18
1535000	1315,99	5611,86	665,18
1540000	1315,99	5586,70	665,18
1545000	1315,99	5586,70	665,18
1550000	1315,99	5585,60	665,18
1555000	1315,99	5585,60	665,18
1560000	1315,99	5585,60	665,18
1565000	1315,99	5585,60	665,18
1570000	1315,99	5585,60	665,18
1575000	1315,99	5585,60	665,18
1580000	1315,99	5585,60	665,18
1585000	1315,99	5585,60	665,18
1590000	1315,99	5585,60	665,18
1595000	1315,99	5585,60	665,18
1600000	1315,99	5585,60	665,18
1605000	1315,99	5585,60	665,18
1610000	1315,99	5585,60	665,18
1615000	1315,99	5585,60	663,38
1620000	1315,99	5585,60	663,38
1625000	1315,99	5585,60	662,93
1630000	1315,99	5585,60	662,93
1635000	1315,99	5585,60	662,93
1640000	1315,99	5585,60	662,93
1645000	1315,99	5585,60	662,93
1650000	1315,99	5585,60	662,93
1655000	1315,99	5585,60	662,93
1660000	1315,99	5585,60	662,93
1665000	1315,99	5585,60	662,93
1670000	1315,99	5585,60	662,93
1675000	1315,99	5585,60	662,93
1680000	1315,99	5585,60	662,93
1685000	1315,99	5585,60	662,93
1690000	1315,99	5585,60	662,93
1695000	1315,99	5585,60	662,93
1700000	1315,99	5585,33	662,93
1705000	1315,99	5585,33	662,93
1710000	1315,99	5585,33	662,93
1715000	1315,99	5585,33	662,93
1720000	1315,99	5585,33	662,93
1725000	1315,99	5585,33	662,93
1730000	1315,99	5585,33	662,93
1735000	1315,99	5585,09	662,93
1740000	1315,99	5585,09	662,93
1745000	1315,99	5585,09	662,93
1750000	1315,99	5585,09	662,93
1755000	1315,99	5585,09	662,93
1760000	1315,99	5584,32	662,93
1765000	1315,99	5584,32	662,93
1770000	1315,99	5584,32	662,93
1775000	1315,99	5574,16	662,93
1780000	1315,99	5574,16	662,93
1785000	1315,99	5574,16	662,93

=== MELHOR SOLUCAO (Fitness Ponderado Minimo) ===
Fitness Ponderado: 7684,748973
Distancia: 1332,98
Tempo: 5673,79
Combustivel: 675,23

Veiculo 0: 12 clientes, demanda: 200/200, rota: [13, 17, 18, 10, 11, 9, 6, 4, 3, 2, 1, 7]
Veiculo 1: 9 clientes, demanda: 200/200, rota: [81, 78, 76, 74, 64, 68, 66, 69, 63]
Veiculo 2: 10 clientes, demanda: 170/200, rota: [57, 55, 54, 53, 59, 72, 61, 43, 47, 20]
Veiculo 3: 10 clientes, demanda: 180/200, rota: [31, 33, 37, 35, 30, 28, 26, 23, 22, 21]
Veiculo 4: 12 clientes, demanda: 200/200, rota: [90, 87, 86, 83, 82, 84, 85, 88, 89, 91, 75, 5]
Veiculo 5: 11 clientes, demanda: 110/200, rota: [67, 65, 41, 40, 44, 45, 48, 51, 50, 52, 49]
Veiculo 6: 9 clientes, demanda: 200/200, rota: [42, 46, 60, 56, 58, 36, 34, 32, 29]
Veiculo 7: 11 clientes, demanda: 190/200, rota: [97, 94, 73, 70, 71, 77, 79, 80, 96, 95, 98]
Veiculo 8: 8 clientes, demanda: 190/200, rota: [8, 15, 38, 39, 19, 14, 12, 16]
Veiculo 9: 5 clientes, demanda: 110/200, rota: [62, 92, 93, 100, 99]
Veiculo 10: 3 clientes, demanda: 60/200, rota: [24, 25, 27]
