Subpopulacao\Geracao	gFinal
NSGA3_DistanciaMin	1326,59
NSGA3_TempoMin	5624,91
NSGA3_CombustivelMin	667,95
NSGA3_DistanciaMedia	1360,54
NSGA3_TempoMedio	5700,73
NSGA3_CombustivelMedio	687,55
NSGA3_FitnessPonderadoMin	7670,31
NSGA3_FitnessPonderadoMedio	7741,83
NSGA3_TamanhoFrente	29
TempoExecucao(ms)	491297
Parametros	Pop=600; Geracoes=3000; Pc=1,00; Pm=0,01

=== DIAGNOSTICO ===
Solucoes criadas: 596
Total avaliacoes: 1788596
Solucoes unicas: 30920

=== HISTORICO DE EVOLUCAO ===
Eval	BestDist	BestTime	BestFuel
5000	1591,34	6168,56	806,03
10000	1578,01	6093,56	799,95
15000	1555,08	6051,32	788,63
20000	1546,59	6041,15	784,88
25000	1541,03	6034,01	783,30
30000	1501,23	5956,60	764,40
35000	1493,91	5949,24	759,30
40000	1467,36	5946,77	748,72
45000	1458,87	5940,43	745,12
50000	1455,38	5931,51	739,65
55000	1447,12	5906,64	738,22
60000	1445,89	5900,65	734,85
65000	1440,44	5893,09	733,57
70000	1436,20	5886,82	730,12
75000	1422,29	5885,03	726,15
80000	1421,92	5885,01	725,85
85000	1415,46	5871,85	722,70
90000	1413,13	5871,85	719,48
95000	1395,55	5868,57	712,95
100000	1395,55	5867,24	710,47
105000	1394,81	5867,24	710,47
110000	1393,99	5867,04	707,32
115000	1392,18	5865,70	704,85
120000	1385,78	5863,54	697,95
125000	1385,78	5861,39	697,95
130000	1384,16	5861,39	697,50
135000	1383,35	5860,39	697,50
140000	1382,39	5860,39	697,50
145000	1382,39	5859,84	697,50
150000	1372,57	5849,92	692,78
155000	1372,57	5849,92	692,78
160000	1372,57	5848,09	692,78
165000	1372,57	5848,09	692,78
170000	1372,57	5848,09	692,78
175000	1372,57	5848,09	692,78
180000	1372,57	5829,24	692,78
185000	1372,57	5804,07	692,78
190000	1372,57	5804,07	692,78
195000	1372,57	5804,07	692,78
200000	1372,57	5802,49	692,78
205000	1372,57	5802,49	692,78
210000	1372,57	5795,13	692,78
215000	1372,57	5795,13	692,78
220000	1371,06	5779,19	692,78
225000	1371,06	5779,19	692,78
230000	1371,06	5779,19	692,78
235000	1369,04	5774,75	692,78
240000	1363,49	5774,75	691,80
245000	1363,49	5774,75	691,80
250000	1363,49	5774,75	691,80
255000	1363,49	5763,25	691,80
260000	1363,49	5753,35	687,82
265000	1363,49	5753,35	687,82
270000	1363,49	5753,35	687,82
275000	1363,49	5715,71	687,82
280000	1361,51	5715,71	687,82
285000	1361,51	5701,44	687,82
290000	1361,51	5701,44	687,82
295000	1361,51	5701,44	687,82
300000	1361,51	5701,08	687,82
305000	1361,51	5695,49	687,82
310000	1361,51	5695,49	687,82
315000	1361,51	5695,49	687,82
320000	1361,51	5691,30	687,82
325000	1361,51	5682,20	687,82
330000	1361,51	5682,20	687,82
335000	1359,07	5682,20	687,82
340000	1359,07	5682,20	687,82
345000	1359,07	5679,39	687,82
350000	1359,07	5679,39	687,82
355000	1359,07	5666,23	687,82
360000	1359,07	5666,23	687,82
365000	1359,07	5666,23	687,82
370000	1359,07	5666,23	687,82
375000	1359,07	5654,47	687,82
380000	1359,07	5654,47	687,82
385000	1359,07	5654,47	687,82
390000	1359,07	5654,47	687,82
395000	1359,07	5651,05	687,82
400000	1359,07	5650,09	687,82
405000	1359,07	5650,09	687,82
410000	1359,07	5650,09	687,82
415000	1359,07	5650,09	687,82
420000	1359,07	5650,09	687,82
425000	1359,07	5650,09	687,82
430000	1359,07	5650,09	687,82
435000	1359,07	5650,09	687,82
440000	1359,07	5650,09	687,82
445000	1359,07	5650,09	687,82
450000	1359,07	5650,09	687,82
455000	1359,07	5650,09	687,82
460000	1359,07	5648,54	687,82
465000	1359,07	5648,54	687,82
470000	1359,07	5648,54	687,82
475000	1359,07	5648,54	687,82
480000	1359,07	5648,54	687,82
485000	1359,07	5648,54	687,82
490000	1359,07	5648,54	687,82
495000	1359,07	5648,54	687,82
500000	1359,07	5648,54	687,82
505000	1359,07	5647,85	687,82
510000	1359,07	5647,85	687,82
515000	1359,07	5647,85	687,82
520000	1359,07	5647,85	687,82
525000	1359,07	5647,85	687,82
530000	1359,07	5647,85	687,82
535000	1359,07	5647,85	687,82
540000	1359,07	5647,02	687,82
545000	1359,07	5647,02	687,82
550000	1359,07	5647,02	687,82
555000	1359,07	5647,02	687,82
560000	1359,07	5644,38	687,82
565000	1359,07	5644,38	687,82
570000	1359,07	5644,38	687,82
575000	1359,07	5643,25	687,82
580000	1359,07	5643,25	687,38
585000	1359,07	5641,94	687,38
590000	1359,07	5641,94	687,38
595000	1359,07	5641,94	687,38
600000	1358,56	5641,94	687,38
605000	1358,56	5641,94	687,38
610000	1358,56	5641,94	687,38
615000	1358,56	5641,94	687,38
620000	1358,56	5641,94	687,38
625000	1358,56	5641,94	687,38
630000	1358,56	5641,94	687,38
635000	1358,56	5641,94	687,38
640000	1358,56	5641,94	687,30
645000	1358,56	5641,94	687,30
650000	1358,56	5641,94	687,30
655000	1358,56	5641,94	687,30
660000	1358,56	5641,94	687,30
665000	1358,56	5641,94	687,30
670000	1358,56	5641,94	687,30
675000	1358,56	5641,94	687,30
680000	1358,56	5641,94	687,30
685000	1358,56	5641,94	687,30
690000	1358,56	5641,94	687,30
695000	1358,56	5641,94	687,30
700000	1358,56	5641,94	687,30
705000	1358,56	5641,94	687,30
710000	1358,56	5641,94	687,30
715000	1358,56	5639,80	687,30
720000	1358,56	5639,80	687,30
725000	1358,56	5639,80	687,30
730000	1358,56	5639,80	687,30
735000	1358,56	5639,80	687,30
740000	1358,56	5637,79	687,30
745000	1358,56	5637,79	687,30
750000	1358,56	5637,79	687,30
755000	1358,56	5637,79	687,30
760000	1358,56	5632,42	687,30
765000	1358,56	5632,42	687,30
770000	1358,56	5631,92	687,30
775000	1358,56	5631,92	687,30
780000	1358,56	5631,92	687,30
785000	1358,56	5631,92	687,30
790000	1358,56	5631,92	687,30
795000	1358,56	5631,92	687,30
800000	1358,56	5631,92	687,30
805000	1358,56	5631,09	687,30
810000	1358,56	5631,09	687,30
815000	1358,56	5631,09	687,30
820000	1358,56	5631,09	687,30
825000	1358,56	5631,09	687,30
830000	1358,56	5631,09	687,30
835000	1358,56	5629,39	687,30
840000	1358,56	5629,39	687,30
845000	1358,56	5629,39	687,30
850000	1358,56	5629,39	687,30
855000	1358,56	5629,39	687,30
860000	1358,56	5629,39	687,30
865000	1358,56	5629,39	687,30
870000	1358,56	5629,39	687,30
875000	1358,56	5629,39	687,30
880000	1358,56	5629,39	687,30
885000	1358,56	5629,39	687,30
890000	1358,56	5629,39	687,30
895000	1358,56	5629,39	687,30
900000	1358,56	5628,77	687,30
905000	1358,56	5628,77	687,30
910000	1358,56	5628,77	687,30
915000	1358,56	5628,77	687,30
920000	1358,56	5628,77	687,30
925000	1358,56	5628,77	687,30
930000	1358,56	5622,65	687,30
935000	1358,56	5622,65	687,30
940000	1358,34	5622,65	687,30
945000	1352,52	5622,65	682,80
950000	1352,52	5622,65	682,80
955000	1351,27	5622,65	682,80
960000	1351,27	5622,65	682,80
965000	1351,27	5622,65	682,80
970000	1348,94	5622,65	682,80
975000	1348,94	5622,65	682,80
980000	1348,94	5622,65	682,80
985000	1348,94	5622,65	682,80
990000	1348,94	5622,65	682,80
995000	1348,94	5622,65	682,12
1000000	1347,08	5622,65	679,72
1005000	1347,08	5622,65	679,72
1010000	1344,75	5622,65	679,72
1015000	1344,75	5618,99	679,72
1020000	1344,75	5618,99	679,72
1025000	1327,92	5618,99	671,93
1030000	1327,92	5618,99	671,93
1035000	1327,92	5618,99	671,02
1040000	1327,92	5618,79	671,02
1045000	1327,92	5618,79	671,02
1050000	1327,92	5618,79	671,02
1055000	1327,92	5618,79	671,02
1060000	1327,92	5618,79	671,02
1065000	1327,92	5618,79	671,02
1070000	1327,92	5618,79	671,02
1075000	1327,92	5618,79	671,02
1080000	1327,92	5618,79	671,02
1085000	1327,92	5618,79	671,02
1090000	1327,92	5618,79	671,02
1095000	1327,92	5618,79	671,02
1100000	1327,92	5618,79	671,02
1105000	1327,92	5618,79	671,02
1110000	1327,92	5618,79	671,02
1115000	1327,92	5618,79	671,02
1120000	1327,92	5618,79	671,02
1125000	1327,92	5618,79	671,02
1130000	1327,87	5618,79	671,02
1135000	1327,87	5618,79	671,02
1140000	1327,87	5618,79	671,02
1145000	1327,87	5618,79	671,02
1150000	1327,87	5618,79	671,02
1155000	1327,87	5618,79	671,02
1160000	1327,87	5618,79	668,93
1165000	1327,87	5618,79	668,93
1170000	1327,87	5618,79	668,93
1175000	1327,87	5618,79	668,93
1180000	1327,87	5618,79	668,93
1185000	1327,87	5618,79	668,93
1190000	1327,87	5618,79	668,93
1195000	1327,87	5618,79	668,93
1200000	1327,87	5618,79	668,93
1205000	1327,87	5618,79	668,93
1210000	1327,87	5618,79	667,95
1215000	1327,87	5618,79	667,95
1220000	1327,87	5618,79	667,95
1225000	1327,87	5618,79	667,95
1230000	1327,87	5618,79	667,95
1235000	1327,87	5618,79	667,95
1240000	1326,65	5618,79	667,95
1245000	1326,65	5618,79	667,95
1250000	1326,65	5618,79	667,95
1255000	1326,65	5618,79	667,95
1260000	1326,65	5618,79	667,95
1265000	1326,65	5618,79	667,95
1270000	1326,65	5618,79	667,95
1275000	1326,65	5618,79	667,95
1280000	1326,65	5618,79	667,95
1285000	1326,65	5618,79	667,95
1290000	1326,59	5618,79	667,95
1295000	1326,59	5618,79	667,95
1300000	1326,59	5618,79	667,95
1305000	1326,59	5618,79	667,95
1310000	1326,59	5618,79	667,95
1315000	1326,59	5618,79	667,95
1320000	1326,59	5618,79	667,95
1325000	1326,59	5618,79	667,95
1330000	1326,59	5618,79	667,95
1335000	1326,59	5618,79	667,95
1340000	1326,59	5618,79	667,95
1345000	1326,59	5618,79	667,95
1350000	1326,59	5618,79	667,95
1355000	1326,59	5618,79	667,95
1360000	1326,59	5618,79	667,95
1365000	1326,59	5618,79	667,95
1370000	1326,59	5618,79	667,95
1375000	1326,59	5618,79	667,95
1380000	1326,59	5618,79	667,95
1385000	1326,59	5618,79	667,95
1390000	1326,59	5618,79	667,95
1395000	1326,59	5618,79	667,95
1400000	1326,59	5618,79	667,95
1405000	1326,59	5618,79	667,95
1410000	1326,59	5618,79	667,95
1415000	1326,59	5618,79	667,95
1420000	1326,59	5618,79	667,95
1425000	1326,59	5618,79	667,95
1430000	1326,59	5618,79	667,95
1435000	1326,59	5618,79	667,95
1440000	1326,59	5618,79	667,95
1445000	1326,59	5618,79	667,95
1450000	1326,59	5618,79	667,95
1455000	1326,59	5618,79	667,95
1460000	1326,59	5618,79	667,95
1465000	1326,59	5618,79	667,95
1470000	1326,59	5618,79	667,95
1475000	1326,59	5618,79	667,95
1480000	1326,59	5618,79	667,95
1485000	1326,59	5618,79	667,95
1490000	1326,59	5618,79	667,95
1495000	1326,59	5618,79	667,95
1500000	1326,59	5618,79	667,95
1505000	1326,59	5618,79	667,95
1510000	1326,59	5618,79	667,95
1515000	1326,59	5618,79	667,95
1520000	1326,59	5618,79	667,95
1525000	1326,59	5618,79	667,95
1530000	1326,59	5618,79	667,95
1535000	1326,59	5618,79	667,95
1540000	1326,59	5618,79	667,95
1545000	1326,59	5618,79	667,95
1550000	1326,59	5618,79	667,95
1555000	1326,59	5618,79	667,95
1560000	1326,59	5618,79	667,95
1565000	1326,59	5618,79	667,95
1570000	1326,59	5618,79	667,95
1575000	1326,59	5618,79	667,95
1580000	1326,59	5618,79	667,95
1585000	1326,59	5618,79	667,95
1590000	1326,59	5618,79	667,95
1595000	1326,59	5618,79	667,95
1600000	1326,59	5618,79	667,95
1605000	1326,59	5618,79	667,95
1610000	1326,59	5618,79	667,95
1615000	1326,59	5618,79	667,95
1620000	1326,59	5618,79	667,95
1625000	1326,59	5618,79	667,95
1630000	1326,59	5618,79	667,95
1635000	1326,59	5618,79	667,95
1640000	1326,59	5618,79	667,95
1645000	1326,59	5618,79	667,95
1650000	1326,59	5618,79	667,95
1655000	1326,59	5618,79	667,95
1660000	1326,59	5618,79	667,95
1665000	1326,59	5618,79	667,95
1670000	1326,59	5618,79	667,95
1675000	1326,59	5618,79	667,95
1680000	1326,59	5618,79	667,95
1685000	1326,59	5618,79	667,95
1690000	1326,59	5618,79	667,95
1695000	1326,59	5618,79	667,95
1700000	1326,59	5618,79	667,95
1705000	1326,59	5618,79	667,95
1710000	1326,59	5618,79	667,95
1715000	1326,59	5618,79	667,95
1720000	1326,59	5618,79	667,95
1725000	1326,59	5618,79	667,95
1730000	1326,59	5618,79	667,95
1735000	1326,59	5618,79	667,95
1740000	1326,59	5618,79	667,95
1745000	1326,59	5618,79	667,95
1750000	1326,59	5618,79	667,95
1755000	1326,59	5618,79	667,95
1760000	1326,59	5618,79	667,95
1765000	1326,59	5618,79	667,95
1770000	1326,59	5618,79	667,95
1775000	1326,59	5618,79	667,95
1780000	1326,59	5618,79	667,95
1785000	1326,59	5618,79	667,95

=== MELHOR SOLUCAO (Fitness Ponderado Minimo) ===
Fitness Ponderado: 7670,305829
Distancia: 1380,67
Tempo: 5641,56
Combustivel: 697,72

Veiculo 0: 12 clientes, demanda: 190/200, rota: [13, 17, 8, 10, 11, 9, 6, 4, 3, 2, 1, 5]
Veiculo 1: 9 clientes, demanda: 200/200, rota: [81, 78, 76, 74, 64, 68, 66, 69, 63]
Veiculo 2: 10 clientes, demanda: 190/200, rota: [61, 55, 54, 53, 56, 58, 59, 60, 51, 52]
Veiculo 3: 11 clientes, demanda: 170/200, rota: [31, 33, 27, 29, 30, 28, 26, 23, 22, 24, 20]
Veiculo 4: 11 clientes, demanda: 190/200, rota: [90, 87, 86, 83, 82, 84, 85, 88, 89, 91, 75]
Veiculo 5: 12 clientes, demanda: 150/200, rota: [67, 42, 41, 40, 44, 45, 48, 50, 46, 47, 49, 43]
Veiculo 6: 10 clientes, demanda: 190/200, rota: [65, 72, 62, 15, 32, 36, 34, 18, 19, 21]
Veiculo 7: 11 clientes, demanda: 190/200, rota: [97, 94, 73, 70, 71, 77, 79, 80, 96, 95, 98]
Veiculo 8: 8 clientes, demanda: 170/200, rota: [35, 37, 38, 39, 16, 14, 12, 7]
Veiculo 9: 5 clientes, demanda: 130/200, rota: [25, 92, 93, 100, 99]
Veiculo 10: 1 clientes, demanda: 40/200, rota: [57]
