# VRP NSGA-III - Frente de Pareto
# Tempo: 494729 ms | Tamanho: 16
# Formato: Distancia Tempo Combustivel FitnessPonderado

1210,113758 5503,200760 612,225000 7328,289518
1246,690425 5503,096693 630,075000 7382,612118
1418,798017 5494,211179 715,950000 7631,709196
1203,745013 5521,110218 608,025000 7335,630231
1388,837478 5498,027073 699,825000 7589,439552
1191,435640 5528,664543 601,725000 7324,575183
1389,436515 5495,826591 702,900000 7590,913106
1385,737439 5498,394449 703,350000 7590,231888
1388,122418 5497,086938 704,550000 7592,509356
1387,105962 5497,161315 700,200000 7587,217277
1211,845274 5504,066518 611,850000 7330,511792
1387,051536 5497,134102 701,700000 7588,635638
1205,476529 5521,975976 607,650000 7337,852505
1385,791865 5498,421662 701,625000 7588,588527
1193,167156 5529,530301 601,350000 7326,797457
1201,917779 5523,129375 606,750000 7334,547154
