# VRP NSGA-III - Frente de Pareto
# Tempo: 500907 ms | Tamanho: 35
# Formato: Distancia Tempo Combustivel FitnessPonderado

1187,673085 5570,915874 599,775000 7360,863958
1201,315900 5550,712074 606,375000 7360,902974
1203,935546 5551,577832 605,775000 7363,788378
1225,200629 5490,541078 623,400000 7341,641707
1227,555053 5512,929947 614,400000 7357,385000
1202,613435 5545,525347 607,800000 7358,438782
1226,715431 5491,298479 619,725000 7340,238910
1224,363161 5511,334001 616,800000 7354,997162
1423,005560 5469,858224 724,500000 7619,863783
1346,665985 5476,640731 683,625000 7509,431715
1191,763493 5561,223186 601,650000 7357,136679
1222,032609 5512,365949 617,925000 7354,823558
1228,446947 5492,164237 619,350000 7342,461184
1189,838582 5577,834117 597,600000 7367,772699
1191,329512 5555,170701 603,450000 7352,450213
1225,689036 5496,620776 621,600000 7346,409812
1344,281006 5477,645466 683,625000 7508,051472
1223,492985 5513,096137 615,900000 7354,989121
1422,406523 5471,755930 721,050000 7617,712453
1188,940998 5556,357028 603,450000 7351,248027
1229,045983 5490,266531 621,375000 7343,187514
1185,718552 5578,154686 597,975000 7364,348238
1228,880928 5498,216722 619,200000 7348,797651
1202,204030 5550,712074 606,150000 7361,566104
1200,881919 5544,659589 608,175000 7356,216508
1225,823537 5512,064189 614,775000 7355,162726
1193,495010 5562,088944 601,275000 7359,358954
1227,585608 5489,536343 623,400000 7343,021951
1230,777500 5491,132289 621,000000 7345,409789
1203,047416 5551,577832 606,000000 7363,125248
1424,737076 5470,723982 724,125000 7622,086058
1188,107066 5576,968358 597,975000 7365,550425
1231,211481 5497,184774 618,075000 7348,971255
1193,061028 5556,036459 603,075000 7354,672488
1420,675007 5470,890172 721,425000 7615,490179
