# VRP NSGA-III - Frente de Pareto
# Tempo: 497133 ms | Tamanho: 52
# Formato: Distancia Tempo Combustivel FitnessPonderado

1323,264268 5725,013273 672,525000 7723,552542
1326,501282 5724,546466 672,525000 7726,322748
1389,749784 5648,367978 700,950000 7741,817762
1416,655243 5572,385598 715,950000 7707,740840
1367,516032 5670,059862 688,725000 7729,050895
1338,261548 5720,904327 673,800000 7735,715875
1389,561172 5623,036719 703,050000 7718,397891
1333,244306 5771,361767 670,200000 7777,556073
1386,166013 5637,724561 708,300000 7734,940574
1321,329626 5818,662479 665,175000 7807,917104
1397,084586 5620,962931 709,125000 7729,922517
1322,241970 5772,490692 673,350000 7770,832663
1330,491799 5724,546466 671,700000 7729,488265
1356,260677 5672,347798 683,700000 7715,058475
1319,763292 5868,633026 662,925000 7854,071318
1328,429581 5772,003800 670,875000 7774,058381
1322,430582 5772,584998 669,000000 7766,765580
1334,775540 5723,599071 673,200000 7734,324611
1322,376348 5772,490692 670,425000 7768,042040
1363,925215 5670,259712 689,175000 7726,109926
1338,766057 5723,599071 672,375000 7737,490128
1336,620366 5673,523362 674,850000 7687,743728
1332,795041 5716,205856 676,200000 7727,950897
1386,991038 5668,606019 704,325000 7762,672056
1315,988958 5866,214404 665,700000 7850,653362
1347,481969 5672,766323 678,525000 7701,523292
1318,727300 5818,662479 666,075000 7806,214779
1331,538526 5724,065878 673,200000 7731,554405
1333,383352 5673,990170 674,850000 7684,973521
1376,668420 5669,911161 695,325000 7744,654581
1343,891151 5672,966172 678,975000 7698,582324
1323,452880 5725,107579 671,550000 7722,860459
1360,288502 5670,526670 689,550000 7723,115172
1324,780534 5818,175586 666,525000 7812,231120
1340,254438 5673,233131 679,350000 7695,587569
1332,208315 5721,391219 673,350000 7729,699534
1327,089593 5724,840621 671,175000 7725,855214
1340,211184 5673,323513 674,400000 7690,684696
1330,535054 5724,456084 676,650000 7734,391138
1385,536241 5662,646629 706,200000 7757,132869
1327,059857 5772,584998 668,100000 7770,494855
1402,588929 5602,278971 709,200000 7716,817900
1326,689894 5724,640772 671,550000 7725,630665
1376,268721 5669,711312 695,700000 7744,430032
1343,491452 5672,766323 679,350000 7698,357775
1387,371967 5646,456176 702,675000 7739,253143
1332,983653 5673,790320 675,225000 7684,748973
1323,852579 5725,307429 671,175000 7723,085008
1389,193602 5669,707301 702,600000 7764,250903
1380,259237 5669,711312 694,875000 7747,595549
1327,223775 5772,098106 669,450000 7771,521881
1327,005623 5772,490692 669,525000 7771,771315
