# VRP NSGA-III - Frente de Pareto
# Tempo: 497245 ms | Tamanho: 18
# Formato: Distancia Tempo Combustivel FitnessPonderado

1285,102360 5594,029812 646,575000 7509,500924
1278,738363 5752,285874 643,650000 7677,424237
1281,394712 5598,049998 644,175000 7507,413461
1329,652795 5581,874342 670,500000 7584,527138
1284,268522 5593,612893 647,325000 7509,000166
1279,423938 5597,064611 646,125000 7506,407300
1333,360444 5577,854157 672,900000 7586,614601
1283,131586 5593,044425 648,525000 7508,494763
1282,297748 5592,627506 649,275000 7507,994005
1346,152912 5570,030428 684,150000 7557,202496
1290,577679 5592,134522 649,800000 7506,198993
1352,883832 5575,812191 679,200000 7557,890685
1351,041985 5569,517258 681,600000 7559,028400
1294,285327 5588,114336 652,200000 7508,286456
1293,451489 5587,697417 652,950000 7507,785698
1350,208147 5569,100339 682,350000 7558,527642
1347,334337 5573,537444 679,200000 7556,940937
1332,526605 5577,437238 673,650000 7586,113843
