# VRP NSGA-III - Frente de Pareto
# Tempo: 493362 ms | Tamanho: 35
# Formato: Distancia Tempo Combustivel FitnessPonderado

1283,891729 5661,196790 649,125000 7596,713519
1263,511044 5705,013607 640,725000 7611,749651
1299,849119 5619,208561 656,175000 7577,732680
1271,475447 5688,483789 644,250000 7606,709236
1263,384070 5702,807380 643,575000 7612,266450
1280,844639 5664,080558 646,125000 7593,550197
1258,306244 5727,474732 639,750000 7628,030976
1301,288099 5576,883255 659,325000 7539,996354
1312,258410 5550,411274 666,300000 7531,469684
1262,192132 5708,313758 641,100000 7614,105890
1305,687798 5551,318551 661,950000 7521,456349
1263,783769 5703,007229 643,200000 7612,490998
1302,827080 5558,509542 661,575000 7525,411622
1304,248818 5593,643857 658,800000 7559,192675
1272,394660 5684,983789 644,250000 7604,128449
1277,165801 5684,812763 647,325000 7611,803564
1311,048831 5533,525219 666,975000 7514,049050
1316,674293 5532,170607 671,700000 7523,044899
1278,359007 5683,746390 649,350000 7613,955396
1278,243564 5683,688668 651,225000 7615,657233
1270,354381 5702,099953 647,550000 7622,504333
1302,013302 5616,591480 658,800000 7579,904782
1301,687798 5577,083104 658,950000 7540,220902
1262,591831 5708,513607 640,725000 7614,330438
1281,244338 5664,280407 645,750000 7593,774745
1311,448530 5533,725068 666,600000 7514,273598
1279,162416 5667,432028 645,675000 7594,769444
1257,906545 5727,274882 640,125000 7627,806428
1278,965272 5684,076513 648,600000 7614,141785
1302,427381 5558,309693 661,950000 7525,187074
1284,291428 5661,396639 648,750000 7596,938067
1301,613603 5616,391630 659,175000 7579,680234
1301,580635 5620,074319 655,800000 7579,954954
1276,489983 5684,755041 649,800000 7613,545024
1271,875146 5688,683639 643,875000 7606,933785
