# VRP NSGA-III - Frente de Pareto
# Tempo: 510754 ms | Tamanho: 36
# Formato: Distancia Tempo Combustivel FitnessPonderado

1362,979662 5546,566113 690,150000 7602,445775
1293,306913 5731,513392 652,800000 7680,370304
1358,924430 5592,073453 687,675000 7641,422882
1303,266252 5707,388087 663,375000 7676,779340
1387,167689 5505,684698 699,525000 7595,127386
1402,523295 5490,343497 710,475000 7606,091792
1362,925698 5549,047650 687,675000 7602,398348
1341,266909 5677,479915 674,625000 7696,121824
1381,105618 5500,695236 701,475000 7586,025854
1300,263285 5712,459071 657,225000 7672,697357
1339,277441 5665,264687 676,350000 7683,642128
1293,499174 5734,068426 650,175000 7680,492600
1286,779951 5741,848680 651,450000 7682,828630
1291,691428 5733,195298 652,125000 7679,761726
1288,970177 5743,729256 648,525000 7683,974432
1338,184243 5663,065245 679,800000 7683,799487
1396,759491 5489,224114 710,625000 7599,358605
1316,882673 5706,766954 667,875000 7694,274626
1368,425210 5541,205651 691,350000 7603,730861
1315,028886 5706,575123 671,325000 7695,679009
1293,133505 5736,375240 649,050000 7681,308745
1376,348038 5511,333641 696,450000 7586,881680
1345,455028 5662,508055 682,875000 7693,588083
1289,329750 5736,845505 650,850000 7679,775255
1378,543343 5513,315178 692,775000 7587,383521
1303,007060 5711,115624 658,725000 7675,597684
1287,165793 5741,174222 651,450000 7682,540015
1383,951705 5509,650308 693,750000 7590,102013
1380,256635 5507,622356 699,450000 7590,078992
1397,049902 5491,252066 708,750000 7599,801968
1365,174967 5548,547650 688,875000 7605,347617
1366,520316 5541,252066 691,350000 7601,872382
1295,235417 5730,284416 652,875000 7681,144833
1366,229906 5539,224114 693,225000 7601,429020
1386,710792 5496,243057 700,050000 7585,753849
1301,439018 5708,493628 663,150000 7675,832646
