# VRP NSGA-III - Frente de Pareto
# Tempo: 503280 ms | Tamanho: 30
# Formato: Distancia Tempo Combustivel FitnessPonderado

1361,418498 5592,806550 690,225000 7646,950048
1367,126664 5566,364788 690,225000 7626,216452
1332,369015 5616,386401 675,375000 7626,630416
1358,612505 5594,704142 692,400000 7648,216647
1368,408930 5562,914700 694,575000 7628,398630
1367,063221 5590,006399 689,850000 7649,419620
1325,553530 5661,324705 674,175000 7663,553235
1389,225943 5549,059792 705,825000 7646,610736
1371,040621 5564,230546 692,025000 7629,796167
1326,962268 5619,078584 672,300000 7620,840851
1331,083484 5619,278433 670,650000 7623,511917
1332,210646 5616,307216 677,250000 7628,267863
1359,730547 5592,975109 688,050000 7643,255657
1326,803899 5618,999399 674,175000 7622,478298
1376,008453 5562,521879 698,925000 7639,955333
1358,713561 5593,907962 690,225000 7645,346523
1326,111598 5661,603739 671,925000 7662,140337
1363,163906 5565,914700 694,575000 7626,153606
1387,152351 5548,022996 707,025000 7644,700347
1368,858181 5567,230546 689,850000 7628,438726
1369,309105 5563,364788 692,400000 7627,573892
1330,525416 5618,999399 672,900000 7624,924815
1364,064081 5566,364788 691,125000 7624,053869
1363,563605 5566,114550 694,200000 7626,378155
1376,408152 5562,721729 698,550000 7640,179881
1366,663522 5589,806550 690,225000 7649,195071
1358,764293 5593,933328 688,050000 7643,247621
1365,795597 5567,230546 690,750000 7626,276143
1366,626188 5566,114550 693,300000 7628,540738
1366,226490 5565,914700 693,675000 7628,316190
