# VRP NSGA-III - Frente de Pareto
# Tempo: 498153 ms | Tamanho: 16
# Formato: Distancia Tempo Combustivel FitnessPonderado

1283,764733 5596,411156 648,675000 7531,600889
1281,384131 5596,651403 646,275000 7527,060533
1284,225092 5546,386491 649,350000 7482,711583
1253,059366 5610,144149 632,025000 7497,978515
1282,903327 5581,726023 649,350000 7516,729350
1273,049152 5599,327542 640,650000 7515,776694
1285,848866 5547,198378 648,600000 7484,397245
1284,527101 5582,537911 648,600000 7518,415012
1253,892668 5607,738220 632,025000 7496,405889
1271,939903 5599,609541 640,650000 7514,949444
1269,160052 5603,928759 636,300000 7512,138811
1285,167771 5515,514434 648,675000 7452,107205
1253,993974 5610,611454 628,950000 7496,305428
1283,846006 5550,853967 648,675000 7486,124973
1254,576511 5609,854193 628,950000 7496,130704
1272,633182 5599,609541 639,300000 7514,292723
