# VRP NSGA-III - Frente de Pareto
# Tempo: 491297 ms | Tamanho: 29
# Formato: Distancia Tempo Combustivel FitnessPonderado

1329,597197 5780,213106 671,025000 7783,585303
1368,373242 5650,709924 692,175000 7713,758166
1326,593366 5827,527148 667,950000 7824,820515
1365,988264 5651,714660 689,700000 7709,902923
1331,982175 5779,208371 671,025000 7784,965547
1395,011437 5626,138551 706,725000 7710,468432
1356,922958 5674,214660 686,475000 7720,112617
1383,058513 5640,552560 700,200000 7674,161072
1366,193329 5663,050747 689,175000 7720,919075
1330,593366 5780,711191 670,800000 7784,854557
1356,753909 5715,158672 685,800000 7760,212581
1373,360130 5648,329525 694,050000 7697,447520
1345,448449 5778,530650 676,425000 7803,154098
1394,957011 5626,111338 709,725000 7713,386793
1395,208634 5639,723046 705,000000 7690,281681
1331,847057 5781,338036 668,925000 7784,860093
1328,978345 5826,522413 667,950000 7826,200758
1332,978345 5779,706456 670,800000 7786,234800
1343,959031 5778,530650 678,150000 7803,389680
1330,017301 5824,206169 668,925000 7825,898470
1362,943116 5661,425640 692,850000 7719,718756
1363,965566 5661,936865 690,750000 7719,152431
1397,341990 5625,106602 709,725000 7714,767036
1375,745109 5647,324790 696,525000 7701,302763
1396,957763 5624,914489 710,925000 7715,390696
1363,030503 5663,077959 686,775000 7715,383463
1380,673534 5641,557295 697,725000 7670,305829
1362,997542 5661,452853 692,550000 7719,500395
1364,196806 5662,052485 690,150000 7718,899291
