# VRP NSGA-III - Frente de Pareto
# Tempo: 490288 ms | Tamanho: 31
# Formato: Distancia Tempo Combustivel FitnessPonderado

1374,504764 5975,759094 693,075000 7992,883345
1413,423415 5734,028479 716,475000 7866,676894
1377,166413 5957,770083 693,825000 7978,305983
1411,468423 5735,702687 712,125000 7862,046110
1368,876276 5977,612183 690,750000 7986,782946
1395,098326 5853,887994 702,150000 7953,886319
1391,037602 5854,493288 697,500000 7945,780891
1400,021909 5789,823847 706,725000 7899,320756
1371,730383 5957,206489 696,375000 7974,856359
1376,332031 5957,770083 694,800000 7978,446601
1386,824068 5854,835389 699,525000 7943,934456
1395,358486 5822,086441 703,650000 7923,844927
1427,461872 5713,775190 724,275000 7868,262062
1494,467801 5673,741543 757,425000 7908,227788
1367,422512 6026,539777 690,150000 8033,656776
1444,691330 5677,075762 731,175000 7835,535536
1380,304644 5948,399071 700,050000 7978,298203
1418,236095 5716,006588 716,475000 7853,467683
1436,193329 5705,417426 727,350000 7871,710755
1406,592521 5788,916570 709,950000 7908,209091
1436,270360 5705,417426 723,975000 7868,412786
1408,296167 5788,876452 708,825000 7908,747619
1382,747465 5874,335389 695,550000 7955,382854
1397,587661 5820,549325 706,650000 7927,536986
1408,644582 5767,323847 712,125000 7890,843428
1366,230506 5976,706489 692,400000 7984,881482
1374,726777 5957,206489 696,075000 7977,552754
1409,216668 5736,183225 709,800000 7857,949893
1381,816029 5957,164788 698,475000 7987,000305
1396,354840 5832,888740 702,600000 7934,593581
1374,520643 5967,899071 696,075000 7988,039202
