# VRP NSGA-III - Frente de Pareto
# Tempo: 497172 ms | Tamanho: 11
# Formato: Distancia Tempo Combustivel FitnessPonderado

1196,409880 1134,713581 599,775000 2933,648461
1197,319643 1134,087219 602,925000 2937,081862
1187,406358 1138,046231 595,425000 2923,627589
1202,252365 1133,768171 604,125000 2942,895536
1187,063151 1137,874628 598,575000 2926,262779
1201,909158 1133,596568 607,275000 2945,530726
1205,299940 1133,075785 610,650000 2951,775725
1195,438724 1136,247009 602,925000 2937,360733
1205,643147 1133,247389 607,500000 2949,140536
1197,662850 1134,258822 599,775000 2934,446672
1195,781931 1136,418613 599,925000 2934,875544
