# VRP NSGA-III - Frente de Pareto
# Tempo: 474831 ms | Tamanho: 9
# Formato: Distancia Tempo Combustivel FitnessPonderado

1200,069743 1160,629104 608,100000 2971,548848
1197,042662 1184,980684 601,050000 2985,823346
1216,911352 1150,804075 613,725000 2984,190426
1219,017383 1151,857090 612,975000 2986,599473
1218,847827 1151,772312 613,575000 2986,945140
1223,673545 1150,473385 619,200000 2996,096930
1230,062664 1150,034504 619,875000 3002,722168
1230,767548 1150,386946 617,925000 3001,829495
1199,593241 1163,846144 605,400000 2971,589385
