# VRP NSGA-III - Frente de Pareto
# Tempo: 496273 ms | Tamanho: 10
# Formato: Distancia Tempo Combustivel FitnessPonderado

1225,303976 1176,712131 620,925000 3025,691107
1193,542048 1195,693326 598,425000 2986,188237
1231,112934 1174,145740 626,550000 3034,558674
1240,995623 1170,949164 629,550000 3044,244787
1237,842029 1173,386110 626,550000 3040,528139
1234,503716 1172,965742 626,550000 3036,769458
1237,604841 1172,129162 629,550000 3042,034002
1240,943154 1172,549530 626,400000 3042,642684
1241,338830 1171,120767 628,350000 3043,559597
1245,393651 1171,769151 625,800000 3005,236978
