# VRP NSGA-III - Frente de Pareto
# Tempo: 496419 ms | Tamanho: 16
# Formato: Distancia Tempo Combustivel FitnessPonderado

1159,930651 1133,626580 589,725000 2886,032231
1157,014975 1136,184111 588,150000 2884,099086
1188,620654 1132,837975 599,100000 2923,308629
1157,681180 1134,723311 588,075000 2883,229491
1157,413844 1135,278165 588,150000 2883,592009
1160,383307 1133,852909 586,725000 2883,711216
1159,219948 1136,857948 586,800000 2885,627896
1197,990924 1132,260578 603,450000 2936,451502
1205,570975 1131,049021 611,175000 2950,544996
1159,196972 1144,733729 586,800000 2893,480700
1160,066742 1133,694626 588,075000 2884,586368
1159,242788 1133,959379 586,725000 2882,677167
1192,809923 1132,147201 603,450000 2931,157124
1159,559353 1134,117662 585,375000 2881,802015
1196,200705 1131,626418 606,825000 2937,402123
1202,180193 1131,569804 607,800000 2944,299997
