Subpopulacao\Geracao	gFinal
NSGA3_DistanciaMin	1830,60
NSGA3_TempoMin	1637,64
NSGA3_CombustivelMin	924,68
NSGA3_DistanciaMedia	1843,01
NSGA3_TempoMedio	1648,64
NSGA3_CombustivelMedio	933,71
NSGA3_FitnessPonderadoMin	4419,64
NSGA3_FitnessPonderadoMedio	4429,36
NSGA3_TamanhoFrente	23
TempoExecucao(ms)	482398
Parametros	Pop=600; Geracoes=3000; Pc=1,00; Pm=0,01

=== DIAGNOSTICO ===
Solucoes criadas: 596
Total avaliacoes: 1788596
Solucoes unicas: 31109

=== HISTORICO DE EVOLUCAO ===
Eval	BestDist	BestTime	BestFuel
5000	2031,56	1725,43	1024,20
10000	2031,56	1725,43	1024,20
15000	2027,85	1716,56	1021,12
20000	2025,81	1716,06	1019,03
25000	2025,81	1716,06	1019,03
30000	2013,82	1716,06	1014,90
35000	2013,82	1712,74	1014,90
40000	2002,64	1706,55	1008,22
45000	1984,46	1706,55	999,53
50000	1984,46	1706,55	999,53
55000	1984,46	1703,52	999,53
60000	1978,84	1702,61	996,53
65000	1978,84	1702,61	996,53
70000	1978,84	1702,61	996,53
75000	1978,84	1700,85	996,53
80000	1951,43	1698,88	981,60
85000	1951,43	1698,81	981,60
90000	1951,43	1698,18	981,60
95000	1944,26	1698,18	978,52
100000	1930,26	1696,24	971,10
105000	1930,26	1696,24	971,10
110000	1930,26	1695,31	971,10
115000	1912,08	1694,10	962,40
120000	1912,08	1686,23	962,40
125000	1912,08	1686,23	962,40
130000	1910,30	1684,95	959,40
135000	1904,56	1684,78	959,40
140000	1904,56	1681,12	959,40
145000	1901,05	1681,12	959,40
150000	1901,05	1674,93	958,72
155000	1901,05	1674,93	958,72
160000	1901,05	1674,93	958,72
165000	1897,68	1674,93	958,72
170000	1897,68	1674,93	958,72
175000	1897,68	1674,93	958,05
180000	1897,68	1670,72	958,05
185000	1897,68	1670,72	958,05
190000	1895,89	1670,72	958,05
195000	1895,89	1670,72	958,05
200000	1895,17	1670,72	958,05
205000	1894,17	1670,72	958,05
210000	1892,38	1670,72	956,63
215000	1892,38	1668,52	956,63
220000	1892,38	1668,52	956,63
225000	1892,38	1662,02	956,63
230000	1892,38	1662,02	956,63
235000	1892,38	1662,02	956,63
240000	1892,31	1662,02	956,63
245000	1886,53	1662,02	954,97
250000	1886,53	1662,02	954,97
255000	1886,53	1660,57	954,97
260000	1886,53	1660,57	954,97
265000	1886,53	1660,57	954,97
270000	1884,73	1660,57	954,30
275000	1884,73	1659,91	954,30
280000	1884,56	1659,91	952,35
285000	1884,56	1657,25	952,35
290000	1875,48	1657,25	949,95
295000	1868,46	1657,25	944,47
300000	1867,64	1652,43	944,47
305000	1865,60	1652,43	944,40
310000	1865,60	1652,43	944,40
315000	1864,83	1652,43	943,80
320000	1864,83	1652,43	943,80
325000	1864,83	1652,43	943,80
330000	1864,83	1652,43	943,80
335000	1863,04	1652,43	943,80
340000	1863,04	1652,29	943,80
345000	1863,04	1652,29	943,80
350000	1863,04	1652,29	943,80
355000	1862,10	1652,29	943,80
360000	1860,32	1652,29	940,80
365000	1856,61	1652,29	939,45
370000	1856,61	1652,29	939,45
375000	1856,61	1652,29	939,45
380000	1856,61	1652,29	939,45
385000	1856,61	1652,26	939,45
390000	1856,61	1652,26	939,45
395000	1856,61	1652,26	939,45
400000	1856,61	1652,26	938,85
405000	1854,81	1650,50	938,78
410000	1854,81	1650,36	938,78
415000	1854,81	1650,36	937,50
420000	1853,10	1650,36	937,50
425000	1853,10	1650,36	937,50
430000	1853,10	1650,36	937,50
435000	1853,10	1650,36	934,50
440000	1853,10	1650,36	934,50
445000	1852,66	1650,36	934,50
450000	1852,66	1650,36	934,50
455000	1850,88	1650,36	933,82
460000	1850,88	1650,36	933,82
465000	1850,88	1649,90	933,82
470000	1850,88	1649,90	933,82
475000	1850,88	1649,90	933,82
480000	1850,88	1649,90	933,82
485000	1850,88	1649,90	933,82
490000	1850,88	1649,90	933,82
495000	1847,80	1649,90	933,82
500000	1847,80	1649,90	933,82
505000	1847,80	1649,90	933,82
510000	1847,80	1649,90	933,82
515000	1847,80	1649,90	933,82
520000	1847,80	1649,90	933,82
525000	1847,80	1649,90	933,82
530000	1847,80	1648,29	933,82
535000	1847,80	1648,29	933,82
540000	1847,80	1648,29	933,82
545000	1847,80	1648,29	933,82
550000	1847,80	1648,29	933,82
555000	1847,80	1648,29	933,82
560000	1847,80	1648,03	933,82
565000	1847,80	1648,03	933,82
570000	1847,80	1648,03	933,82
575000	1847,80	1648,03	933,82
580000	1847,80	1648,03	933,82
585000	1846,00	1648,03	933,82
590000	1846,00	1648,03	933,82
595000	1846,00	1648,03	933,82
600000	1842,15	1648,03	933,82
605000	1842,15	1648,03	933,82
610000	1842,15	1648,03	933,22
615000	1842,15	1648,03	933,22
620000	1842,15	1648,03	933,22
625000	1842,15	1648,03	933,22
630000	1842,15	1648,03	933,22
635000	1842,15	1648,03	933,22
640000	1842,15	1648,03	933,22
645000	1842,15	1648,03	933,22
650000	1842,15	1648,03	933,22
655000	1839,41	1648,03	930,82
660000	1839,41	1648,03	930,82
665000	1839,41	1648,03	930,82
670000	1839,41	1648,03	930,82
675000	1839,41	1648,03	930,82
680000	1839,41	1648,03	930,82
685000	1839,41	1648,03	930,82
690000	1837,63	1648,03	927,82
695000	1835,90	1648,03	927,82
700000	1835,90	1648,03	927,82
705000	1835,90	1648,03	927,82
710000	1835,90	1648,03	927,82
715000	1835,90	1648,03	927,30
720000	1835,90	1648,03	927,30
725000	1834,43	1648,03	927,30
730000	1834,43	1647,18	927,30
735000	1834,43	1647,18	927,30
740000	1834,12	1647,18	927,15
745000	1834,12	1647,18	927,15
750000	1834,12	1647,18	927,15
755000	1834,12	1647,18	927,15
760000	1834,12	1647,18	927,15
765000	1834,12	1647,18	927,15
770000	1834,12	1647,18	927,15
775000	1834,12	1647,18	927,15
780000	1834,12	1647,18	927,15
785000	1834,12	1647,18	927,15
790000	1834,12	1647,18	927,15
795000	1834,12	1647,18	927,15
800000	1834,12	1647,18	927,15
805000	1834,12	1647,18	927,15
810000	1832,38	1647,18	927,15
815000	1832,38	1647,18	927,15
820000	1832,38	1647,18	927,15
825000	1832,38	1647,18	927,15
830000	1832,38	1647,18	927,15
835000	1832,38	1647,18	927,15
840000	1832,38	1647,18	927,15
845000	1832,38	1647,18	927,15
850000	1832,38	1647,18	927,15
855000	1832,38	1647,18	927,15
860000	1832,38	1647,18	927,15
865000	1832,38	1647,18	927,15
870000	1832,38	1647,18	927,15
875000	1832,38	1646,71	924,68
880000	1832,38	1646,71	924,68
885000	1832,38	1646,45	924,68
890000	1830,60	1646,45	924,68
895000	1830,60	1646,45	924,68
900000	1830,60	1646,45	924,68
905000	1830,60	1646,45	924,68
910000	1830,60	1646,45	924,68
915000	1830,60	1646,45	924,68
920000	1830,60	1646,45	924,68
925000	1830,60	1646,45	924,68
930000	1830,60	1646,45	924,68
935000	1830,60	1646,45	924,68
940000	1830,60	1646,45	924,68
945000	1830,60	1646,45	924,68
950000	1830,60	1646,45	924,68
955000	1830,60	1646,45	924,68
960000	1830,60	1646,45	924,68
965000	1830,60	1646,45	924,68
970000	1830,60	1646,45	924,68
975000	1830,60	1646,45	924,68
980000	1830,60	1646,45	924,68
985000	1830,60	1646,45	924,68
990000	1830,60	1646,45	924,68
995000	1830,60	1646,45	924,68
1000000	1830,60	1646,45	924,68
1005000	1830,60	1646,45	924,68
1010000	1830,60	1646,45	924,68
1015000	1830,60	1646,45	924,68
1020000	1830,60	1646,45	924,68
1025000	1830,60	1646,45	924,68
1030000	1830,60	1646,45	924,68
1035000	1830,60	1646,45	924,68
1040000	1830,60	1646,45	924,68
1045000	1830,60	1646,45	924,68
1050000	1830,60	1646,45	924,68
1055000	1830,60	1646,45	924,68
1060000	1830,60	1646,45	924,68
1065000	1830,60	1646,45	924,68
1070000	1830,60	1646,45	924,68
1075000	1830,60	1646,45	924,68
1080000	1830,60	1646,45	924,68
1085000	1830,60	1646,45	924,68
1090000	1830,60	1646,45	924,68
1095000	1830,60	1646,45	924,68
1100000	1830,60	1637,38	924,68
1105000	1830,60	1637,38	924,68
1110000	1830,60	1637,38	924,68
1115000	1830,60	1637,38	924,68
1120000	1830,60	1637,38	924,68
1125000	1830,60	1637,38	924,68
1130000	1830,60	1637,38	924,68
1135000	1830,60	1637,38	924,68
1140000	1830,60	1637,38	924,68
1145000	1830,60	1637,38	924,68
1150000	1830,60	1637,38	924,68
1155000	1830,60	1637,38	924,68
1160000	1830,60	1637,38	924,68
1165000	1830,60	1637,38	924,68
1170000	1830,60	1637,38	924,68
1175000	1830,60	1637,38	924,68
1180000	1830,60	1637,38	924,68
1185000	1830,60	1637,38	924,68
1190000	1830,60	1637,38	924,68
1195000	1830,60	1637,38	924,68
1200000	1830,60	1637,38	924,68
1205000	1830,60	1637,38	924,68
1210000	1830,60	1637,38	924,68
1215000	1830,60	1637,38	924,68
1220000	1830,60	1637,38	924,68
1225000	1830,60	1637,38	924,68
1230000	1830,60	1637,38	924,68
1235000	1830,60	1637,38	924,68
1240000	1830,60	1637,38	924,68
1245000	1830,60	1637,38	924,68
1250000	1830,60	1637,38	924,68
1255000	1830,60	1637,38	924,68
1260000	1830,60	1637,38	924,68
1265000	1830,60	1637,38	924,68
1270000	1830,60	1637,38	924,68
1275000	1830,60	1637,38	924,68
1280000	1830,60	1637,38	924,68
1285000	1830,60	1637,38	924,68
1290000	1830,60	1637,38	924,68
1295000	1830,60	1637,38	924,68
1300000	1830,60	1637,38	924,68
1305000	1830,60	1637,38	924,68
1310000	1830,60	1637,38	924,68
1315000	1830,60	1637,38	924,68
1320000	1830,60	1637,38	924,68
1325000	1830,60	1637,38	924,68
1330000	1830,60	1637,38	924,68
1335000	1830,60	1637,38	924,68
1340000	1830,60	1637,38	924,68
1345000	1830,60	1637,38	924,68
1350000	1830,60	1637,38	924,68
1355000	1830,60	1637,38	924,68
1360000	1830,60	1637,38	924,68
1365000	1830,60	1637,38	924,68
1370000	1830,60	1637,38	924,68
1375000	1830,60	1637,38	924,68
1380000	1830,60	1637,38	924,68
1385000	1830,60	1637,38	924,68
1390000	1830,60	1637,38	924,68
1395000	1830,60	1637,38	924,68
1400000	1830,60	1637,38	924,68
1405000	1830,60	1637,38	924,68
1410000	1830,60	1637,38	924,68
1415000	1830,60	1637,38	924,68
1420000	1830,60	1637,38	924,68
1425000	1830,60	1637,38	924,68
1430000	1830,60	1637,38	924,68
1435000	1830,60	1637,38	924,68
1440000	1830,60	1637,38	924,68
1445000	1830,60	1637,38	924,68
1450000	1830,60	1637,38	924,68
1455000	1830,60	1637,38	924,68
1460000	1830,60	1637,38	924,68
1465000	1830,60	1637,38	924,68
1470000	1830,60	1637,38	924,68
1475000	1830,60	1637,38	924,68
1480000	1830,60	1637,38	924,68
1485000	1830,60	1637,38	924,68
1490000	1830,60	1637,38	924,68
1495000	1830,60	1637,38	924,68
1500000	1830,60	1637,38	924,68
1505000	1830,60	1637,38	924,68
1510000	1830,60	1637,38	924,68
1515000	1830,60	1637,38	924,68
1520000	1830,60	1637,38	924,68
1525000	1830,60	1637,38	924,68
1530000	1830,60	1637,38	924,68
1535000	1830,60	1637,38	924,68
1540000	1830,60	1637,38	924,68
1545000	1830,60	1637,38	924,68
1550000	1830,60	1637,38	924,68
1555000	1830,60	1637,38	924,68
1560000	1830,60	1637,38	924,68
1565000	1830,60	1637,38	924,68
1570000	1830,60	1637,38	924,68
1575000	1830,60	1637,38	924,68
1580000	1830,60	1637,38	924,68
1585000	1830,60	1637,38	924,68
1590000	1830,60	1637,38	924,68
1595000	1830,60	1637,38	924,68
1600000	1830,60	1637,38	924,68
1605000	1830,60	1637,38	924,68
1610000	1830,60	1637,38	924,68
1615000	1830,60	1637,38	924,68
1620000	1830,60	1637,38	924,68
1625000	1830,60	1637,38	924,68
1630000	1830,60	1637,38	924,68
1635000	1830,60	1637,38	924,68
1640000	1830,60	1637,38	924,68
1645000	1830,60	1637,38	924,68
1650000	1830,60	1637,38	924,68
1655000	1830,60	1637,38	924,68
1660000	1830,60	1637,38	924,68
1665000	1830,60	1637,38	924,68
1670000	1830,60	1637,38	924,68
1675000	1830,60	1637,38	924,68
1680000	1830,60	1637,38	924,68
1685000	1830,60	1637,38	924,68
1690000	1830,60	1637,38	924,68
1695000	1830,60	1637,38	924,68
1700000	1830,60	1637,38	924,68
1705000	1830,60	1637,38	924,68
1710000	1830,60	1637,38	924,68
1715000	1830,60	1637,38	924,68
1720000	1830,60	1637,38	924,68
1725000	1830,60	1637,38	924,68
1730000	1830,60	1637,38	924,68
1735000	1830,60	1637,38	924,68
1740000	1830,60	1637,38	924,68
1745000	1830,60	1637,38	924,68
1750000	1830,60	1637,38	924,68
1755000	1830,60	1637,38	924,68
1760000	1830,60	1637,38	924,68
1765000	1830,60	1637,38	924,68
1770000	1830,60	1637,38	924,68
1775000	1830,60	1637,38	924,68
1780000	1830,60	1637,38	924,68
1785000	1830,60	1637,38	924,68

=== MELHOR SOLUCAO (Fitness Ponderado Minimo) ===
Fitness Ponderado: 4419,642029
Distancia: 1830,60
Tempo: 1657,90
Combustivel: 927,15

Veiculo 0: 10 clientes, demanda: 166/200, rota: [92, 95, 33, 28, 26, 32, 34, 50, 91, 80]
Veiculo 1: 7 clientes, demanda: 105/200, rota: [31, 29, 27, 30, 54, 93, 96]
Veiculo 2: 7 clientes, demanda: 92/200, rota: [72, 71, 94, 56, 66, 52, 82]
Veiculo 3: 10 clientes, demanda: 187/200, rota: [42, 39, 36, 37, 38, 41, 43, 68, 70, 100]
Veiculo 4: 7 clientes, demanda: 101/200, rota: [85, 63, 76, 51, 84, 55, 98]
Veiculo 5: 10 clientes, demanda: 190/200, rota: [3, 5, 45, 7, 6, 8, 46, 4, 1, 2]
Veiculo 6: 8 clientes, demanda: 145/200, rota: [12, 14, 47, 11, 9, 53, 10, 13]
Veiculo 7: 9 clientes, demanda: 184/200, rota: [21, 23, 19, 49, 22, 20, 25, 24, 83]
Veiculo 8: 4 clientes, demanda: 74/200, rota: [99, 57, 86, 74]
Veiculo 9: 5 clientes, demanda: 104/200, rota: [15, 16, 78, 17, 60]
Veiculo 10: 5 clientes, demanda: 74/200, rota: [64, 18, 48, 77, 58]
Veiculo 11: 4 clientes, demanda: 52/200, rota: [69, 61, 81, 90]
Veiculo 12: 3 clientes, demanda: 54/200, rota: [88, 73, 79]
Veiculo 13: 3 clientes, demanda: 60/200, rota: [44, 40, 35]
Veiculo 14: 5 clientes, demanda: 99/200, rota: [65, 59, 87, 97, 75]
Veiculo 15: 3 clientes, demanda: 37/200, rota: [62, 67, 89]
