Subpopulacao\Geracao	gFinal
NSGA3_DistanciaMin	1829,22
NSGA3_TempoMin	1673,69
NSGA3_CombustivelMin	922,80
NSGA3_DistanciaMedia	1835,20
NSGA3_TempoMedio	1682,88
NSGA3_CombustivelMedio	929,46
NSGA3_FitnessPonderadoMin	4445,80
NSGA3_FitnessPonderadoMedio	4451,54
NSGA3_TamanhoFrente	5
TempoExecucao(ms)	486339
Parametros	Pop=600; Geracoes=3000; Pc=1,00; Pm=0,01

=== DIAGNOSTICO ===
Solucoes criadas: 596
Total avaliacoes: 1788596
Solucoes unicas: 32842

=== HISTORICO DE EVOLUCAO ===
Eval	BestDist	BestTime	BestFuel
5000	2031,56	1731,04	1024,20
10000	2031,56	1727,86	1024,20
15000	2031,56	1725,06	1024,20
20000	2031,56	1723,18	1024,20
25000	2027,72	1720,02	1020,52
30000	2022,47	1718,74	1017,60
35000	2020,39	1718,57	1017,53
40000	2011,30	1718,57	1013,25
45000	2011,30	1718,57	1013,25
50000	2000,95	1709,29	1008,75
55000	2000,95	1709,29	1008,68
60000	2000,95	1709,29	1008,68
65000	1994,41	1709,29	1004,70
70000	1994,41	1706,93	1004,70
75000	1975,23	1704,32	993,30
80000	1967,83	1699,28	989,78
85000	1967,83	1699,28	989,78
90000	1967,83	1698,13	989,78
95000	1951,43	1698,13	981,60
100000	1951,43	1695,76	981,60
105000	1951,43	1695,76	981,60
110000	1943,91	1688,94	978,52
115000	1943,91	1688,94	978,52
120000	1942,02	1687,37	977,85
125000	1942,02	1683,88	977,85
130000	1940,55	1683,88	975,45
135000	1936,75	1683,88	975,45
140000	1913,55	1680,23	964,80
145000	1913,55	1680,23	964,80
150000	1906,67	1680,23	964,65
155000	1906,67	1680,09	962,40
160000	1906,67	1679,37	962,40
165000	1906,03	1679,21	961,80
170000	1906,03	1677,29	961,80
175000	1904,89	1677,29	961,65
180000	1904,89	1677,29	961,65
185000	1904,89	1676,39	961,65
190000	1902,52	1676,39	959,40
195000	1902,52	1676,39	959,40
200000	1902,52	1675,43	959,40
205000	1902,52	1675,43	959,40
210000	1902,52	1675,43	959,40
215000	1899,66	1674,53	959,40
220000	1899,66	1674,53	959,40
225000	1899,16	1674,53	958,72
230000	1899,16	1674,36	957,45
235000	1899,16	1674,36	957,45
240000	1899,04	1674,36	957,45
245000	1892,78	1674,36	957,45
250000	1892,78	1674,36	953,10
255000	1892,78	1674,36	953,10
260000	1892,78	1674,36	953,10
265000	1892,78	1674,36	953,10
270000	1892,78	1674,36	953,10
275000	1892,78	1674,36	953,10
280000	1892,78	1674,22	953,10
285000	1892,78	1674,22	953,10
290000	1892,78	1674,22	953,10
295000	1889,21	1674,22	953,10
300000	1889,21	1674,22	953,10
305000	1889,21	1674,22	953,10
310000	1889,21	1674,22	953,10
315000	1889,21	1674,22	953,10
320000	1889,21	1674,22	953,10
325000	1889,21	1673,15	953,10
330000	1889,21	1673,15	953,10
335000	1889,21	1673,15	953,10
340000	1889,21	1673,15	953,10
345000	1889,21	1673,15	953,10
350000	1889,21	1673,15	952,43
355000	1889,21	1673,15	952,43
360000	1888,51	1673,15	952,43
365000	1888,51	1673,15	952,43
370000	1886,44	1673,15	952,43
375000	1882,27	1673,15	952,43
380000	1882,27	1665,27	952,43
385000	1882,27	1665,27	952,43
390000	1882,27	1665,27	952,43
395000	1879,26	1665,27	949,35
400000	1876,78	1663,76	949,13
405000	1875,62	1663,76	949,13
410000	1871,62	1663,76	944,47
415000	1871,62	1663,76	944,47
420000	1871,62	1663,76	944,47
425000	1871,62	1663,76	944,47
430000	1844,51	1663,76	935,10
435000	1844,51	1656,24	935,10
440000	1844,51	1656,24	935,10
445000	1844,51	1652,32	935,10
450000	1844,51	1652,32	935,10
455000	1844,51	1652,32	935,10
460000	1844,51	1652,32	935,10
465000	1844,51	1652,32	935,10
470000	1844,51	1652,32	935,10
475000	1844,51	1652,32	935,10
480000	1844,51	1652,32	935,10
485000	1839,03	1652,32	930,75
490000	1839,03	1652,32	930,75
495000	1839,03	1652,32	930,75
500000	1839,03	1652,32	930,75
505000	1839,03	1652,32	930,75
510000	1839,03	1652,32	930,75
515000	1839,03	1652,32	930,75
520000	1839,03	1652,32	930,75
525000	1839,03	1652,32	930,75
530000	1839,03	1652,32	930,75
535000	1839,03	1652,32	930,75
540000	1835,52	1652,32	930,08
545000	1835,52	1652,32	927,83
550000	1835,52	1652,32	927,83
555000	1835,52	1652,32	927,83
560000	1835,52	1652,32	927,83
565000	1835,52	1652,32	927,83
570000	1835,52	1652,32	927,83
575000	1835,52	1652,32	927,83
580000	1835,52	1652,32	927,83
585000	1835,52	1652,32	927,83
590000	1835,52	1652,32	927,83
595000	1835,52	1652,32	927,83
600000	1835,52	1652,32	927,83
605000	1835,52	1652,32	927,83
610000	1835,52	1652,32	927,83
615000	1831,48	1652,32	923,48
620000	1831,48	1652,32	923,48
625000	1831,48	1652,32	923,48
630000	1831,48	1652,32	923,48
635000	1829,22	1652,32	922,80
640000	1829,22	1652,32	922,80
645000	1829,22	1652,32	922,80
650000	1829,22	1652,32	922,80
655000	1829,22	1652,32	922,80
660000	1829,22	1652,32	922,80
665000	1829,22	1652,32	922,80
670000	1829,22	1652,32	922,80
675000	1829,22	1652,32	922,80
680000	1829,22	1652,32	922,80
685000	1829,22	1652,32	922,80
690000	1829,22	1652,32	922,80
695000	1829,22	1652,32	922,80
700000	1829,22	1652,32	922,80
705000	1829,22	1652,32	922,80
710000	1829,22	1652,32	922,80
715000	1829,22	1652,32	922,80
720000	1829,22	1652,32	922,80
725000	1829,22	1652,32	922,80
730000	1829,22	1652,32	922,80
735000	1829,22	1652,32	922,80
740000	1829,22	1652,32	922,80
745000	1829,22	1652,32	922,80
750000	1829,22	1652,32	922,80
755000	1829,22	1652,32	922,80
760000	1829,22	1652,32	922,80
765000	1829,22	1652,32	922,80
770000	1829,22	1652,32	922,80
775000	1829,22	1652,32	922,80
780000	1829,22	1652,32	922,80
785000	1829,22	1652,32	922,80
790000	1829,22	1652,32	922,80
795000	1829,22	1652,32	922,80
800000	1829,22	1652,32	922,80
805000	1829,22	1652,32	922,80
810000	1829,22	1652,32	922,80
815000	1829,22	1652,32	922,80
820000	1829,22	1652,32	922,80
825000	1829,22	1652,32	922,80
830000	1829,22	1652,32	922,80
835000	1829,22	1652,32	922,80
840000	1829,22	1652,32	922,80
845000	1829,22	1652,32	922,80
850000	1829,22	1652,32	922,80
855000	1829,22	1652,32	922,80
860000	1829,22	1652,32	922,80
865000	1829,22	1652,32	922,80
870000	1829,22	1652,32	922,80
875000	1829,22	1652,32	922,80
880000	1829,22	1652,32	922,80
885000	1829,22	1652,32	922,80
890000	1829,22	1652,32	922,80
895000	1829,22	1652,32	922,80
900000	1829,22	1652,32	922,80
905000	1829,22	1652,32	922,80
910000	1829,22	1652,32	922,80
915000	1829,22	1652,32	922,80
920000	1829,22	1652,32	922,80
925000	1829,22	1652,32	922,80
930000	1829,22	1652,32	922,80
935000	1829,22	1652,32	922,80
940000	1829,22	1652,32	922,80
945000	1829,22	1652,32	922,80
950000	1829,22	1652,32	922,80
955000	1829,22	1652,32	922,80
960000	1829,22	1652,32	922,80
965000	1829,22	1652,32	922,80
970000	1829,22	1652,32	922,80
975000	1829,22	1652,32	922,80
980000	1829,22	1652,32	922,80
985000	1829,22	1652,32	922,80
990000	1829,22	1652,32	922,80
995000	1829,22	1652,32	922,80
1000000	1829,22	1652,32	922,80
1005000	1829,22	1652,32	922,80
1010000	1829,22	1652,32	922,80
1015000	1829,22	1652,32	922,80
1020000	1829,22	1652,32	922,80
1025000	1829,22	1652,32	922,80
1030000	1829,22	1652,32	922,80
1035000	1829,22	1652,32	922,80
1040000	1829,22	1652,32	922,80
1045000	1829,22	1652,32	922,80
1050000	1829,22	1652,32	922,80
1055000	1829,22	1652,32	922,80
1060000	1829,22	1652,32	922,80
1065000	1829,22	1652,32	922,80
1070000	1829,22	1652,32	922,80
1075000	1829,22	1652,32	922,80
1080000	1829,22	1652,32	922,80
1085000	1829,22	1652,32	922,80
1090000	1829,22	1652,32	922,80
1095000	1829,22	1652,32	922,80
1100000	1829,22	1652,32	922,80
1105000	1829,22	1652,32	922,80
1110000	1829,22	1652,32	922,80
1115000	1829,22	1652,32	922,80
1120000	1829,22	1652,32	922,80
1125000	1829,22	1652,32	922,80
1130000	1829,22	1652,32	922,80
1135000	1829,22	1652,32	922,80
1140000	1829,22	1652,32	922,80
1145000	1829,22	1652,32	922,80
1150000	1829,22	1652,32	922,80
1155000	1829,22	1652,32	922,80
1160000	1829,22	1652,32	922,80
1165000	1829,22	1652,32	922,80
1170000	1829,22	1652,32	922,80
1175000	1829,22	1652,32	922,80
1180000	1829,22	1652,32	922,80
1185000	1829,22	1652,32	922,80
1190000	1829,22	1652,32	922,80
1195000	1829,22	1652,32	922,80
1200000	1829,22	1652,32	922,80
1205000	1829,22	1652,32	922,80
1210000	1829,22	1652,32	922,80
1215000	1829,22	1652,32	922,80
1220000	1829,22	1652,32	922,80
1225000	1829,22	1652,32	922,80
1230000	1829,22	1652,32	922,80
1235000	1829,22	1652,32	922,80
1240000	1829,22	1652,32	922,80
1245000	1829,22	1652,32	922,80
1250000	1829,22	1652,32	922,80
1255000	1829,22	1652,32	922,80
1260000	1829,22	1652,32	922,80
1265000	1829,22	1652,32	922,80
1270000	1829,22	1652,32	922,80
1275000	1829,22	1652,32	922,80
1280000	1829,22	1652,32	922,80
1285000	1829,22	1652,32	922,80
1290000	1829,22	1652,32	922,80
1295000	1829,22	1652,32	922,80
1300000	1829,22	1652,32	922,80
1305000	1829,22	1652,32	922,80
1310000	1829,22	1652,32	922,80
1315000	1829,22	1652,32	922,80
1320000	1829,22	1652,32	922,80
1325000	1829,22	1652,32	922,80
1330000	1829,22	1652,32	922,80
1335000	1829,22	1652,32	922,80
1340000	1829,22	1652,32	922,80
1345000	1829,22	1652,32	922,80
1350000	1829,22	1652,32	922,80
1355000	1829,22	1652,32	922,80
1360000	1829,22	1652,32	922,80
1365000	1829,22	1652,32	922,80
1370000	1829,22	1652,32	922,80
1375000	1829,22	1652,32	922,80
1380000	1829,22	1652,32	922,80
1385000	1829,22	1652,32	922,80
1390000	1829,22	1652,32	922,80
1395000	1829,22	1652,32	922,80
1400000	1829,22	1652,32	922,80
1405000	1829,22	1652,32	922,80
1410000	1829,22	1652,32	922,80
1415000	1829,22	1652,32	922,80
1420000	1829,22	1652,32	922,80
1425000	1829,22	1652,32	922,80
1430000	1829,22	1652,32	922,80
1435000	1829,22	1652,32	922,80
1440000	1829,22	1652,32	922,80
1445000	1829,22	1652,32	922,80
1450000	1829,22	1652,32	922,80
1455000	1829,22	1652,32	922,80
1460000	1829,22	1652,32	922,80
1465000	1829,22	1652,32	922,80
1470000	1829,22	1652,32	922,80
1475000	1829,22	1652,32	922,80
1480000	1829,22	1652,32	922,80
1485000	1829,22	1652,32	922,80
1490000	1829,22	1652,32	922,80
1495000	1829,22	1652,32	922,80
1500000	1829,22	1652,32	922,80
1505000	1829,22	1652,32	922,80
1510000	1829,22	1652,32	922,80
1515000	1829,22	1652,32	922,80
1520000	1829,22	1652,32	922,80
1525000	1829,22	1652,32	922,80
1530000	1829,22	1652,32	922,80
1535000	1829,22	1652,32	922,80
1540000	1829,22	1652,32	922,80
1545000	1829,22	1652,32	922,80
1550000	1829,22	1652,32	922,80
1555000	1829,22	1652,32	922,80
1560000	1829,22	1652,32	922,80
1565000	1829,22	1652,32	922,80
1570000	1829,22	1652,32	922,80
1575000	1829,22	1652,32	922,80
1580000	1829,22	1652,32	922,80
1585000	1829,22	1652,32	922,80
1590000	1829,22	1652,32	922,80
1595000	1829,22	1652,32	922,80
1600000	1829,22	1652,32	922,80
1605000	1829,22	1652,32	922,80
1610000	1829,22	1652,32	922,80
1615000	1829,22	1652,32	922,80
1620000	1829,22	1652,32	922,80
1625000	1829,22	1652,32	922,80
1630000	1829,22	1652,32	922,80
1635000	1829,22	1652,32	922,80
1640000	1829,22	1652,32	922,80
1645000	1829,22	1652,32	922,80
1650000	1829,22	1652,32	922,80
1655000	1829,22	1652,32	922,80
1660000	1829,22	1652,32	922,80
1665000	1829,22	1652,32	922,80
1670000	1829,22	1652,32	922,80
1675000	1829,22	1652,32	922,80
1680000	1829,22	1652,32	922,80
1685000	1829,22	1652,32	922,80
1690000	1829,22	1652,32	922,80
1695000	1829,22	1652,32	922,80
1700000	1829,22	1652,32	922,80
1705000	1829,22	1652,32	922,80
1710000	1829,22	1652,32	922,80
1715000	1829,22	1652,32	922,80
1720000	1829,22	1652,32	922,80
1725000	1829,22	1652,32	922,80
1730000	1829,22	1652,32	922,80
1735000	1829,22	1652,32	922,80
1740000	1829,22	1652,32	922,80
1745000	1829,22	1652,32	922,80
1750000	1829,22	1652,32	922,80
1755000	1829,22	1652,32	922,80
1760000	1829,22	1652,32	922,80
1765000	1829,22	1652,32	922,80
1770000	1829,22	1652,32	922,80
1775000	1829,22	1652,32	922,80
1780000	1829,22	1652,32	922,80
1785000	1829,22	1652,32	922,80

=== MELHOR SOLUCAO (Fitness Ponderado Minimo) ===
Fitness Ponderado: 4445,796084
Distancia: 1829,22
Tempo: 1689,78
Combustivel: 922,80

Veiculo 0: 10 clientes, demanda: 166/200, rota: [92, 95, 33, 28, 26, 32, 34, 50, 91, 80]
Veiculo 1: 8 clientes, demanda: 128/200, rota: [31, 29, 27, 30, 54, 93, 94, 96]
Veiculo 2: 7 clientes, demanda: 86/200, rota: [65, 71, 67, 56, 66, 52, 82]
Veiculo 3: 10 clientes, demanda: 195/200, rota: [42, 39, 36, 40, 38, 41, 72, 68, 70, 100]
Veiculo 4: 7 clientes, demanda: 101/200, rota: [85, 63, 76, 51, 84, 55, 98]
Veiculo 5: 10 clientes, demanda: 190/200, rota: [3, 5, 45, 7, 6, 8, 46, 4, 1, 2]
Veiculo 6: 8 clientes, demanda: 145/200, rota: [12, 14, 47, 11, 9, 53, 10, 13]
Veiculo 7: 9 clientes, demanda: 184/200, rota: [21, 23, 19, 49, 22, 20, 25, 24, 83]
Veiculo 8: 4 clientes, demanda: 56/200, rota: [90, 57, 74, 59]
Veiculo 9: 5 clientes, demanda: 104/200, rota: [15, 16, 78, 17, 60]
Veiculo 10: 5 clientes, demanda: 74/200, rota: [64, 18, 48, 77, 58]
Veiculo 11: 5 clientes, demanda: 87/200, rota: [69, 44, 43, 35, 37]
Veiculo 12: 3 clientes, demanda: 54/200, rota: [88, 73, 79]
Veiculo 13: 2 clientes, demanda: 19/200, rota: [61, 81]
Veiculo 14: 5 clientes, demanda: 107/200, rota: [99, 86, 87, 97, 75]
Veiculo 15: 2 clientes, demanda: 28/200, rota: [62, 89]
