# VRP NSGA-III - Frente de Pareto
# Tempo: 479273 ms | Tamanho: 9
# Formato: Distancia Tempo Combustivel FitnessPonderado

1842,896788 1697,120548 935,775000 4479,792336
1832,524490 1708,385983 924,675000 4469,585473
1834,304670 1707,855448 927,675000 4473,835117
1835,302199 1706,482971 930,900000 4476,685170
1841,627800 1701,768186 929,700000 4477,095986
1833,522020 1707,013506 927,900000 4472,435526
1844,130020 1699,664540 933,225000 4481,019560
1856,251454 1692,406602 941,250000 4493,908056
1842,625329 1700,395710 932,925000 4479,946039
