# VRP NSGA-III - Frente de Pareto
# Tempo: 482398 ms | Tamanho: 23
# Formato: Distancia Tempo Combustivel FitnessPonderado

1841,935422 1645,345405 938,400000 4429,680827
1830,595505 1657,896523 927,150000 4419,642029
1832,392741 1658,795141 925,275000 4420,462882
1870,983235 1638,171560 950,100000 4463,254794
1839,157713 1647,248417 932,175000 4422,581130
1844,469921 1650,538367 929,700000 4428,708288
1849,951387 1639,890260 935,325000 4429,166647
1833,373214 1655,993512 933,375000 4426,741726
1844,035691 1648,147034 929,700000 4425,882726
1849,934330 1638,461108 940,200000 4432,595438
1836,471013 1657,422665 927,900000 4425,793677
1840,937892 1646,717882 935,175000 4426,830774
1835,473483 1658,795141 924,675000 4422,943625
1832,375684 1657,365989 930,150000 4423,891673
1833,390271 1657,422665 928,500000 4423,312935
1840,954949 1648,147034 930,300000 4423,401984
1853,032129 1639,890260 934,725000 4431,647389
1845,033221 1646,774558 932,925000 4428,732778
1840,155243 1645,875940 935,400000 4425,431182
1872,763414 1637,641025 953,100000 4467,504439
1841,952479 1646,774558 933,525000 4426,252036
1831,593035 1656,524047 930,375000 4422,492081
1848,154151 1638,991642 937,200000 4428,345793
