# VRP NSGA-III - Frente de Pareto
# Tempo: 481079 ms | Tamanho: 12
# Formato: Distancia Tempo Combustivel FitnessPonderado

1858,805753 1671,078005 938,475000 4472,358758
1836,554849 1677,280746 925,650000 4443,485595
1828,555941 1684,165044 923,850000 4440,570984
1827,558411 1685,537520 920,625000 4437,720932
1829,355647 1686,436138 920,400000 4440,191786
1829,338591 1685,006986 921,900000 4440,245576
1830,336120 1683,634509 925,125000 4443,095629
1858,090553 1675,666596 937,575000 4475,332149
1867,156743 1669,994390 944,325000 4485,476133
1838,335028 1676,750212 926,925000 4446,010240
1867,585274 1664,443101 942,300000 4478,328376
1841,863681 1679,935163 925,425000 4451,223844
