# VRP NSGA-III - Frente de Pareto
# Tempo: 487290 ms | Tamanho: 71
# Formato: Distancia Tempo Combustivel FitnessPonderado

1859,656029 1679,668806 943,050000 4486,374835
1853,944222 1692,430291 937,125000 4487,499513
1882,942922 1661,304159 948,300000 4496,547081
1893,301029 1657,147343 960,075000 4514,523372
1853,139510 1694,701386 932,250000 4484,090896
1860,064053 1689,549193 934,125000 4487,738246
1855,741458 1693,328909 934,050000 4487,120367
1852,946692 1693,802768 933,900000 4484,649460
1863,205444 1677,642932 935,175000 4480,023377
1848,835193 1704,377982 935,325000 4492,538175
1860,002145 1681,041283 937,575000 4482,618427
1861,668471 1689,549193 932,700000 4487,917663
1874,307415 1675,438925 939,525000 4493,271340
1873,600369 1668,188456 948,750000 4494,538825
1853,982304 1699,320574 930,825000 4488,127878
1852,377887 1699,320574 932,250000 4487,948461
1861,061582 1688,176716 937,350000 4490,588298
1867,787870 1674,539595 942,150000 4488,477465
1861,062093 1675,371838 943,725000 4484,158931
1856,795423 1688,650575 941,400000 4490,845998
1938,921548 1654,616826 977,325000 4574,863374
1856,923172 1688,650575 939,450000 4489,023747
1861,799381 1681,939901 934,500000 4482,239281
1857,721936 1691,598048 939,225000 4492,544984
1849,998630 1693,802768 937,575000 4485,376398
1854,137040 1693,328909 935,475000 4486,940949
1868,090488 1669,020699 950,025000 4491,136187
1865,446696 1675,912071 941,175000 4486,533767
1876,089396 1662,136402 951,825000 4494,050798
1849,237006 1698,421956 937,575000 4489,233962
1866,790341 1675,912071 938,925000 4485,627412
1872,201882 1669,386158 940,200000 4485,788040
1850,868410 1692,430291 942,750000 4490,048701
1859,871235 1688,650575 935,775000 4488,296810
1850,996159 1692,430291 940,800000 4488,226450
1860,906847 1694,168381 932,700000 4491,775228
1858,328824 1692,970525 934,575000 4489,874349
1879,358026 1663,035020 944,550000 4490,943046
1867,220708 1670,393176 944,850000 4486,463884
1861,408208 1676,744315 938,250000 4480,402523
1849,109257 1698,421956 939,525000 4491,056213
1858,530751 1681,041283 941,775000 4485,347033
1852,185069 1698,421956 933,900000 4488,507025
1871,359118 1669,919317 942,750000 4488,028435
1850,632429 1705,276599 932,250000 4492,159028
1856,724407 1692,970525 936,000000 4489,694931
1850,580651 1698,421956 935,325000 4488,327607
1860,064564 1676,744315 940,500000 4481,308878
1870,361589 1671,291794 939,525000 4485,178382
1900,154555 1656,315100 956,550000 4517,019654
1849,870881 1693,802768 939,525000 4487,198648
1858,266817 1688,650575 937,200000 4488,117392
1862,796910 1680,567424 937,725000 4485,089334
1899,118590 1654,911240 961,800000 4519,829830
1864,202974 1676,270456 938,400000 4482,873430
1867,654937 1672,784509 944,850000 4489,289446
1854,743928 1694,701386 930,825000 4484,270314
1862,405738 1675,371838 941,475000 4483,252576
1857,792952 1687,278098 944,625000 4493,696051
1869,561882 1669,020699 945,825000 4488,407581
1849,059121 1698,497628 937,575000 4489,131749
1860,934344 1675,371838 945,675000 4485,981182
1876,217145 1662,136402 949,875000 4492,228547
1894,772423 1657,147343 955,875000 4511,794765
1879,061797 1669,055691 945,150000 4497,267488
1858,658500 1681,041283 939,825000 4483,524783
1859,936815 1676,744315 942,450000 4483,131129
1857,920702 1687,278098 942,675000 4491,873800
1868,564353 1670,393176 942,600000 4485,557528
1851,342275 1693,802768 935,325000 4484,470042
1881,906957 1659,900299 953,550000 4499,357256
