# VRP NSGA-III - Frente de Pareto
# Tempo: 490706 ms | Tamanho: 23
# Formato: Distancia Tempo Combustivel FitnessPonderado

1855,228922 1668,368704 941,775000 4469,372626
1842,107221 1677,857187 933,225000 4457,189407
1848,012664 1676,094943 936,750000 4464,857607
1867,786024 1665,639156 948,525000 4485,950180
1843,911937 1676,656861 936,975000 4461,543798
1841,109691 1679,229664 930,000000 4454,339355
1839,329512 1679,760198 930,000000 4453,089710
1851,910845 1669,772563 938,775000 4464,458409
1869,566203 1665,108621 948,525000 4487,199824
1838,529805 1677,489104 936,300000 4456,318909
1846,528713 1670,604806 938,100000 4459,233520
1869,583260 1666,537774 945,450000 4485,571034
1837,532276 1678,861580 933,075000 4453,468856
1839,312455 1678,331046 933,075000 4454,718501
1871,363439 1666,007239 945,450000 4486,820678
1844,694587 1677,498803 933,750000 4459,943390
1850,106129 1670,972889 935,025000 4460,104018
1840,309985 1676,958569 936,300000 4457,568554
1857,009101 1667,838169 941,775000 4470,622270
1858,806337 1668,736787 940,650000 4472,193124
1853,691025 1669,242028 938,775000 4465,708053
1848,308893 1670,074272 938,100000 4460,483164
1845,692117 1676,126326 936,975000 4462,793443
