# VRP NSGA-III - Frente de Pareto
# Tempo: 479457 ms | Tamanho: 13
# Formato: Distancia Tempo Combustivel FitnessPonderado

1781,238417 1674,735348 899,025000 4358,998765
1787,845884 1662,074996 909,675000 4363,595880
1779,458237 1675,265883 899,025000 4357,749120
1801,136568 1656,415962 911,475000 4373,027531
1803,519132 1656,007835 914,550000 4378,076968
1782,235946 1673,362872 902,250000 4361,848818
1789,626064 1661,544461 909,675000 4364,845525
1788,628534 1662,916938 906,450000 4361,995472
1780,455767 1673,893407 902,250000 4360,599173
1784,302711 1664,357665 900,750000 4353,410376
1783,594424 1669,224360 900,750000 4357,568784
1786,848355 1663,447473 906,450000 4360,745827
1794,000203 1660,709544 913,275000 4371,984747
