# VRP NSGA-III - Frente de Pareto
# Tempo: 482168 ms | Tamanho: 18
# Formato: Distancia Tempo Combustivel FitnessPonderado

1841,254072 1649,434304 927,225000 4421,913375
1850,016942 1647,452070 938,325000 4439,794012
1839,143089 1672,602756 927,150000 4442,895845
1832,173554 1674,106385 927,825000 4438,104939
1838,156273 1648,005151 931,500000 4421,661424
1838,173330 1649,434304 927,825000 4419,432633
1842,223831 1672,602756 926,550000 4445,376587
1832,983974 1655,407398 931,500000 4423,891372
1833,001031 1656,836551 927,825000 4421,662581
1837,051532 1675,005003 926,550000 4442,606535
1831,203795 1655,937933 928,500000 4419,641727
1836,081773 1656,836551 927,225000 4424,143323
1833,970790 1675,005003 927,150000 4440,125793
1836,376094 1648,535686 928,500000 4417,411779
1861,942573 1636,497291 940,875000 4443,314864
1851,797121 1646,921536 941,325000 4444,043657
1863,722753 1635,966756 943,875000 4447,564509
1895,432980 1635,474006 959,775000 4494,681986
