# VRP NSGA-III - Frente de Pareto
# Tempo: 498140 ms | Tamanho: 14
# Formato: Distancia Tempo Combustivel FitnessPonderado

1840,562137 1705,218441 933,900000 4483,680579
1838,781958 1705,748976 930,900000 4479,430934
1837,784429 1707,121453 927,675000 4476,580881
1854,977287 1699,246958 933,450000 4491,674245
1848,524632 1690,595938 935,775000 4478,895570
1839,581665 1708,020071 927,450000 4479,051735
1839,564608 1706,590918 930,675000 4480,830526
1850,304811 1690,065403 938,775000 4483,145214
1841,308374 1698,322177 933,750000 4477,380551
1859,498761 1689,075206 945,675000 4498,248967
1842,305903 1696,949700 936,975000 4480,230604
1865,884687 1681,384417 947,625000 4498,894105
1867,497669 1682,190908 947,475000 4501,163578
1840,525724 1697,480235 933,975000 4475,980959
