# VRP NSGA-III - Frente de Pareto
# Tempo: 482500 ms | Tamanho: 29
# Formato: Distancia Tempo Combustivel FitnessPonderado

1849,101168 1701,529128 936,300000 4490,930297
1872,524826 1679,372969 955,050000 4510,947795
1846,859200 1711,386558 931,350000 4493,595758
1850,444097 1709,655697 932,625000 4496,724793
1845,061965 1710,487940 931,950000 4491,499904
1892,102487 1658,408721 955,200000 4509,711207
1859,737067 1699,241191 937,650000 4500,628258
1854,483301 1700,696885 936,975000 4496,155186
1854,325525 1705,767104 934,575000 4498,667630
1846,059494 1709,115463 935,175000 4494,349957
1850,881348 1700,998593 939,300000 4495,179941
1850,898404 1702,427746 935,025000 4492,351150
1864,077439 1686,911844 940,500000 4495,489282
1847,856730 1710,014081 934,575000 4496,445811
1851,878877 1699,626117 942,525000 4498,029994
1848,943393 1706,599348 933,900000 4493,442741
1847,839673 1708,584928 938,175000 4498,599602
1859,720010 1697,812039 941,925000 4503,457049
1873,925735 1673,331446 954,375000 4505,632181
1846,842144 1709,957405 934,950000 4495,749549
1857,939831 1698,342573 938,925000 4499,207404
1860,475486 1687,213552 942,825000 4494,514038
1873,744546 1683,390404 951,375000 4512,509950
1850,740629 1707,497965 932,625000 4494,863595
1863,406439 1695,926770 940,050000 4503,383209
1850,098698 1700,156651 939,525000 4493,780349
1877,105717 1682,290258 954,375000 4517,770975
1863,321963 1697,510330 939,600000 4504,432293
1878,307112 1664,497469 958,200000 4505,004581
