# VRP NSGA-III - Frente de Pareto
# Tempo: 486488 ms | Tamanho: 17
# Formato: Distancia Tempo Combustivel FitnessPonderado

1448,050614 1381,327767 729,975000 3563,103381
1449,727637 1381,375103 729,150000 3564,002739
1447,709514 1381,157217 730,725000 3563,341731
1449,710065 1384,948850 729,450000 3567,858916
1450,068737 1381,545653 728,400000 3563,764390
1452,069289 1385,337286 727,125000 3568,281575
1453,009615 1378,012371 726,675000 3561,446986
1455,079905 1325,585120 737,175000 3521,590025
1451,009063 1374,220737 727,950000 3556,929801
1449,116179 1358,458152 732,600000 3543,924331
1446,621537 1359,724849 733,125000 3543,221386
1450,991492 1377,794485 728,250000 3560,785977
1454,975010 1346,414639 737,175000 3542,314649
1446,040393 1378,232301 734,700000 3562,722694
1456,310314 1325,085120 740,850000 3525,995434
1455,297003 1368,788091 730,800000 3558,635094
1456,702363 1343,827897 733,425000 3537,705260
