# VRP NSGA-III - Frente de Pareto
# Tempo: 489349 ms | Tamanho: 22
# Formato: Distancia Tempo Combustivel FitnessPonderado

1413,788516 1312,823019 709,350000 3432,111980
1408,829906 1311,256265 709,725000 3425,961616
1409,165256 1317,714620 706,575000 3429,605321
1406,031749 1316,147867 708,225000 3426,555060
1434,661844 1306,375063 718,200000 3455,387352
1418,268921 1310,961828 709,875000 3435,256194
1429,588465 1306,798059 726,975000 3459,511969
1431,528338 1304,808309 719,850000 3452,337092
1431,218110 1307,057063 722,625000 3457,050618
1412,763491 1308,473706 712,800000 3430,187641
1413,900154 1312,823019 708,075000 3430,948618
1430,649600 1303,627937 724,200000 3454,627981
1418,908191 1310,040460 711,150000 3436,249095
1421,770425 1308,780034 711,750000 3438,450904
1418,525280 1307,213281 714,675000 3436,564006
1434,550206 1306,375063 719,475000 3456,550714
1415,135414 1309,395075 711,525000 3432,205934
1418,636919 1307,213281 713,400000 3435,400644
1429,898692 1304,549306 724,200000 3454,798442
1429,700103 1306,798059 725,700000 3458,348607
1430,010330 1304,549306 722,925000 3453,635080
1430,537962 1303,627937 725,475000 3455,791343
