# VRP NSGA-III - Frente de Pareto
# Tempo: 488926 ms | Tamanho: 18
# Formato: Distancia Tempo Combustivel FitnessPonderado

1433,538117 1361,799512 723,975000 3523,062629
1448,450282 1348,297025 728,100000 3528,597308
1461,636065 1332,737767 740,325000 3538,448832
1497,993852 1323,499836 758,475000 3583,718688
1449,250690 1341,472112 728,625000 3523,097801
1466,825866 1330,683963 741,600000 3542,859829
1455,455317 1339,925721 732,975000 3532,106037
1458,712265 1334,860200 736,275000 3533,597464
1462,241417 1331,290522 741,825000 3539,106939
1467,355938 1325,305680 744,150000 3540,561618
1452,076770 1350,892902 728,025000 3534,744672
1438,738677 1361,600968 723,675000 3527,764644
1435,748531 1354,207080 723,975000 3517,680611
1465,865661 1328,453940 743,100000 3541,169601
1434,107971 1360,998653 723,975000 3522,831623
1428,087645 1362,090976 717,975000 3511,903621
1441,555485 1351,369362 723,675000 3520,349847
1462,336509 1332,023617 737,550000 3535,660126
