# VRP NSGA-III - Frente de Pareto
# Tempo: 484163 ms | Tamanho: 20
# Formato: Distancia Tempo Combustivel FitnessPonderado

1455,605070 1367,627814 738,825000 3565,807884
1477,087984 1343,618286 740,250000 3564,706270
1462,199286 1360,660081 739,050000 3565,659367
1471,325438 1342,927480 740,550000 3558,552918
1448,106910 1381,055974 735,975000 3568,887885
1459,268113 1346,972812 739,800000 3549,790924
1465,157576 1362,139226 737,550000 3568,596802
1457,564886 1373,307347 738,075000 3572,697233
1468,719519 1335,793968 746,850000 3555,113487
1460,394396 1364,560557 739,500000 3568,204953
1460,786308 1342,221604 742,875000 3549,632911
1462,121960 1360,621418 739,500000 3565,993379
1464,109504 1339,852787 742,500000 3550,212292
1461,257322 1342,115527 744,375000 3551,497849
1460,855994 1370,253276 737,025000 3571,884270
1462,182720 1338,437364 745,350000 3549,720084
1464,161680 1338,858260 742,500000 3549,269940
1452,454149 1352,372201 739,500000 3548,076350
1473,098410 1334,955721 751,200000 3563,004131
1469,263410 1336,065913 743,850000 3552,929323
