# VRP NSGA-III - Frente de Pareto
# Tempo: 492467 ms | Tamanho: 14
# Formato: Distancia Tempo Combustivel FitnessPonderado

1435,575269 1360,693038 723,000000 3523,018307
1458,793007 1335,059496 738,675000 3536,277503
1440,436925 1344,976925 725,400000 3514,563850
1437,767828 1354,527777 724,950000 3520,995606
1437,380159 1356,792561 722,550000 3520,472720
1442,241815 1341,076449 724,950000 3512,018264
1440,458969 1340,185026 726,825000 3511,218996
1453,354911 1339,983464 732,975000 3530,063375
1433,792424 1359,801615 723,675000 3521,019039
1438,654080 1344,085503 726,075000 3512,564582
1435,984983 1353,636355 726,825000 3520,196338
1434,180093 1357,536831 726,075000 3521,541924
1435,597313 1355,901139 724,425000 3519,673452
1455,116559 1338,649493 734,775000 3532,291052
