# VRP NSGA-III - Frente de Pareto
# Tempo: 479700 ms | Tamanho: 22
# Formato: Distancia Tempo Combustivel FitnessPonderado

1434,685624 1354,136580 723,000000 3515,572204
1401,311929 1372,134991 701,775000 3478,971920
1471,499364 1353,764043 735,825000 3564,838407
1417,677273 1360,663538 715,500000 3497,590810
1422,666189 1359,708428 715,650000 3501,774617
1420,684290 1359,708428 717,075000 3501,217717
1424,972357 1358,733646 718,275000 3505,731003
1409,777343 1362,867137 707,550000 3483,944480
1403,116819 1368,234515 702,975000 3478,076334
1413,693535 1362,366615 708,675000 3488,485150
1419,659172 1360,663538 714,075000 3498,147710
1439,786125 1358,551569 722,775000 3524,862694
1412,784359 1361,912027 709,125000 3487,571387
1407,972453 1366,767614 706,350000 3484,840067
1471,307747 1352,607370 737,400000 3565,065117
1471,255277 1353,764043 737,400000 3566,169320
1405,990553 1366,767614 707,775000 3484,283167
1408,401888 1367,609435 705,600000 3485,361324
1421,965340 1359,688757 716,700000 3502,104096
1404,025994 1368,689102 702,525000 3478,990097
1514,712531 1343,370814 770,550000 3632,383345
1507,281615 1348,342950 769,575000 3628,949564
