# VRP NSGA-III - Frente de Pareto
# Tempo: 478556 ms | Tamanho: 17
# Formato: Distancia Tempo Combustivel FitnessPonderado

1433,807599 1341,208142 724,725000 3503,490741
1428,657987 1342,252569 723,075000 3497,735556
1423,504243 1345,606671 716,250000 3489,110914
1417,428452 1351,659261 715,425000 3488,262713
1418,628048 1348,123040 714,600000 3485,101088
1419,799478 1360,458028 714,525000 3498,532506
1418,135249 1348,123040 714,975000 3484,983289
1428,438606 1343,724511 723,450000 3499,363116
1423,011444 1345,606671 716,625000 3488,993115
1427,202562 1352,376781 714,525000 3497,854343
1417,921251 1351,659261 715,050000 3488,380512
1428,373992 1364,711769 714,450000 3511,285761
1433,314800 1341,208142 725,100000 3503,372942
1423,781792 1344,768938 721,425000 3493,725730
1428,931405 1343,724511 723,075000 3499,480915
1424,274591 1344,768938 721,050000 3493,843529
1429,150786 1342,252569 722,700000 3497,853355
