# VRP NSGA-III - Frente de Pareto
# Tempo: 480682 ms | Tamanho: 24
# Formato: Distancia Tempo Combustivel FitnessPonderado

1449,628578 1341,510404 729,075000 3523,963981
1477,536004 1334,216084 750,600000 3566,102088
1440,264192 1347,371146 723,975000 3515,360338
1455,927988 1341,172377 729,075000 3529,925366
1435,381817 1349,320630 722,175000 3510,627447
1423,879643 1352,778874 719,325000 3499,733518
1451,972033 1342,601129 727,275000 3525,598162
1532,141956 1332,653654 783,900000 3652,445610
1425,088757 1352,326037 714,825000 3495,989794
1423,111945 1354,040728 714,825000 3495,727673
1449,432215 1342,722906 732,000000 3527,905121
1444,727646 1345,835612 728,100000 3522,413258
1455,932554 1342,190084 729,000000 3530,872638
1514,519558 1332,993963 771,675000 3622,938521
1455,606124 1337,244184 734,550000 3531,150308
1528,184551 1332,671272 780,525000 3645,130823
1478,005615 1335,785390 749,925000 3567,466005
1455,521088 1339,062883 734,175000 3532,508971
1436,789856 1350,024649 721,650000 3512,214505
1449,625652 1342,819625 728,850000 3525,045276
1460,012427 1336,983908 742,275000 3543,021335
1431,335951 1350,359154 721,050000 3506,495105
1445,162197 1344,355159 724,725000 3517,992356
1450,737828 1340,664580 735,075000 3530,227408
