# VRP NSGA-III - Frente de Pareto
# Tempo: 477168 ms | Tamanho: 15
# Formato: Distancia Tempo Combustivel FitnessPonderado

1464,929561 1347,335204 734,025000 3550,039765
1455,707205 1357,976438 728,475000 3545,908644
1457,657466 1351,442931 731,700000 3544,550397
1453,816759 1350,293300 732,900000 3540,760059
1453,266462 1354,897053 731,775000 3543,688515
1455,996465 1352,471444 731,700000 3543,917910
1450,321669 1355,619429 729,900000 3539,591098
1441,541260 1365,074707 726,750000 3537,115967
1447,483593 1355,796343 729,825000 3536,854936
1438,949106 1367,931394 724,800000 3535,430500
1461,346391 1341,457165 736,200000 3542,753556
1455,871660 1341,624558 735,075000 3536,321218
1460,827817 1345,284332 734,175000 3544,037149
1461,984768 1348,057580 732,150000 3545,942347
1457,998566 1351,613481 730,950000 3544,312048
