Subpopulacao\Geracao	gFinal
NSGA3_DistanciaMin	1266,33
NSGA3_TempoMin	5314,91
NSGA3_CombustivelMin	641,25
NSGA3_DistanciaMedia	1290,46
NSGA3_TempoMedio	5328,40
NSGA3_CombustivelMedio	654,31
NSGA3_FitnessPonderadoMin	7248,35
NSGA3_FitnessPonderadoMedio	7276,17
NSGA3_TamanhoFrente	9
TempoExecucao(ms)	489473
Parametros	Pop=600; Geracoes=3000; Pc=1,00; Pm=0,01

=== DIAGNOSTICO ===
Solucoes criadas: 596
Total avaliacoes: 1788596
Solucoes unicas: 21348

=== HISTORICO DE EVOLUCAO ===
Eval	BestDist	BestTime	BestFuel
5000	1498,79	5533,81	761,25
10000	1458,03	5519,37	737,32
15000	1450,80	5519,37	735,15
20000	1450,80	5519,37	735,15
25000	1446,16	5519,37	735,15
30000	1442,35	5515,95	730,80
35000	1442,35	5513,56	730,80
40000	1429,83	5513,56	726,45
45000	1429,83	5513,56	726,45
50000	1429,67	5513,56	726,45
55000	1429,67	5513,56	726,45
60000	1429,67	5513,56	723,75
65000	1429,67	5499,56	723,75
70000	1425,03	5499,56	723,75
75000	1425,03	5496,14	723,37
80000	1425,03	5496,14	723,37
85000	1425,03	5496,14	723,37
90000	1425,03	5496,14	723,37
95000	1425,03	5496,14	723,37
100000	1425,03	5496,14	723,37
105000	1394,04	5496,14	711,30
110000	1394,04	5496,14	711,30
115000	1394,04	5496,14	711,30
120000	1394,04	5496,14	710,03
125000	1394,04	5496,14	710,03
130000	1394,04	5496,14	708,37
135000	1394,04	5496,14	708,37
140000	1394,04	5496,14	708,37
145000	1394,04	5496,14	708,37
150000	1394,04	5496,14	708,37
155000	1394,04	5496,14	708,37
160000	1394,04	5493,47	708,37
165000	1394,04	5493,47	708,37
170000	1394,04	5493,47	708,37
175000	1394,04	5493,47	706,35
180000	1394,04	5493,47	706,35
185000	1394,04	5493,47	706,35
190000	1365,41	5492,97	696,53
195000	1365,41	5492,97	696,53
200000	1365,41	5492,08	696,53
205000	1362,55	5492,08	692,63
210000	1362,55	5492,08	692,63
215000	1362,55	5492,08	692,63
220000	1362,55	5492,08	690,97
225000	1362,55	5492,08	690,97
230000	1362,49	5491,58	690,97
235000	1362,49	5491,58	690,97
240000	1362,49	5491,58	690,97
245000	1362,49	5491,58	690,97
250000	1362,49	5491,58	690,97
255000	1362,49	5491,58	690,97
260000	1362,49	5491,58	690,97
265000	1362,49	5491,58	690,97
270000	1362,49	5491,58	690,97
275000	1362,49	5491,58	690,97
280000	1362,49	5491,07	690,97
285000	1362,49	5491,07	690,97
290000	1362,49	5462,46	690,97
295000	1358,87	5445,94	690,82
300000	1358,87	5445,94	690,82
305000	1357,24	5445,94	688,95
310000	1338,76	5433,34	681,97
315000	1302,81	5331,48	661,65
320000	1295,99	5331,48	657,82
325000	1294,62	5328,16	654,15
330000	1294,62	5327,75	654,15
335000	1269,57	5327,35	643,72
340000	1269,34	5327,25	643,20
345000	1269,34	5316,48	643,20
350000	1266,33	5316,48	641,25
355000	1266,33	5316,48	641,25
360000	1266,33	5316,48	641,25
365000	1266,33	5315,98	641,25
370000	1266,33	5315,98	641,25
375000	1266,33	5315,98	641,25
380000	1266,33	5315,98	641,25
385000	1266,33	5315,98	641,25
390000	1266,33	5315,98	641,25
395000	1266,33	5315,98	641,25
400000	1266,33	5315,98	641,25
405000	1266,33	5315,98	641,25
410000	1266,33	5315,98	641,25
415000	1266,33	5315,98	641,25
420000	1266,33	5315,98	641,25
425000	1266,33	5315,98	641,25
430000	1266,33	5315,98	641,25
435000	1266,33	5315,41	641,25
440000	1266,33	5315,41	641,25
445000	1266,33	5315,41	641,25
450000	1266,33	5315,41	641,25
455000	1266,33	5315,40	641,25
460000	1266,33	5315,40	641,25
465000	1266,33	5315,40	641,25
470000	1266,33	5315,40	641,25
475000	1266,33	5314,91	641,25
480000	1266,33	5314,91	641,25
485000	1266,33	5314,91	641,25
490000	1266,33	5314,91	641,25
495000	1266,33	5314,91	641,25
500000	1266,33	5314,91	641,25
505000	1266,33	5314,91	641,25
510000	1266,33	5314,91	641,25
515000	1266,33	5314,91	641,25
520000	1266,33	5314,91	641,25
525000	1266,33	5314,91	641,25
530000	1266,33	5314,91	641,25
535000	1266,33	5314,91	641,25
540000	1266,33	5314,90	641,25
545000	1266,33	5314,90	641,25
550000	1266,33	5314,90	641,25
555000	1266,33	5314,90	641,25
560000	1266,33	5314,90	641,25
565000	1266,33	5314,90	641,25
570000	1266,33	5314,90	641,25
575000	1266,33	5314,90	641,25
580000	1266,33	5314,90	641,25
585000	1266,33	5314,90	641,25
590000	1266,33	5314,90	641,25
595000	1266,33	5314,90	641,25
600000	1266,33	5314,90	641,25
605000	1266,33	5314,90	641,25
610000	1266,33	5314,90	641,25
615000	1266,33	5314,90	641,25
620000	1266,33	5314,90	641,25
625000	1266,33	5314,90	641,25
630000	1266,33	5314,90	641,25
635000	1266,33	5314,90	641,25
640000	1266,33	5314,90	641,25
645000	1266,33	5314,90	641,25
650000	1266,33	5314,90	641,25
655000	1266,33	5314,90	641,25
660000	1266,33	5314,90	641,25
665000	1266,33	5314,90	641,25
670000	1266,33	5314,90	641,25
675000	1266,33	5314,90	641,25
680000	1266,33	5314,90	641,25
685000	1266,33	5314,90	641,25
690000	1266,33	5314,90	641,25
695000	1266,33	5314,90	641,25
700000	1266,33	5314,90	641,25
705000	1266,33	5314,90	641,25
710000	1266,33	5314,90	641,25
715000	1266,33	5314,90	641,25
720000	1266,33	5314,90	641,25
725000	1266,33	5314,90	641,25
730000	1266,33	5314,90	641,25
735000	1266,33	5314,90	641,25
740000	1266,33	5314,90	641,25
745000	1266,33	5314,90	641,25
750000	1266,33	5314,90	641,25
755000	1266,33	5314,90	641,25
760000	1266,33	5314,90	641,25
765000	1266,33	5314,90	641,25
770000	1266,33	5314,90	641,25
775000	1266,33	5314,90	641,25
780000	1266,33	5314,90	641,25
785000	1266,33	5314,90	641,25
790000	1266,33	5314,90	641,25
795000	1266,33	5314,90	641,25
800000	1266,33	5314,90	641,25
805000	1266,33	5314,90	641,25
810000	1266,33	5314,90	641,25
815000	1266,33	5314,90	641,25
820000	1266,33	5314,90	641,25
825000	1266,33	5314,90	641,25
830000	1266,33	5314,90	641,25
835000	1266,33	5314,90	641,25
840000	1266,33	5314,90	641,25
845000	1266,33	5314,90	641,25
850000	1266,33	5314,90	641,25
855000	1266,33	5314,90	641,25
860000	1266,33	5314,90	641,25
865000	1266,33	5314,90	641,25
870000	1266,33	5314,90	641,25
875000	1266,33	5314,90	641,25
880000	1266,33	5314,90	641,25
885000	1266,33	5314,90	641,25
890000	1266,33	5314,90	641,25
895000	1266,33	5314,90	641,25
900000	1266,33	5314,90	641,25
905000	1266,33	5314,90	641,25
910000	1266,33	5314,90	641,25
915000	1266,33	5314,90	641,25
920000	1266,33	5314,90	641,25
925000	1266,33	5314,90	641,25
930000	1266,33	5314,90	641,25
935000	1266,33	5314,90	641,25
940000	1266,33	5314,90	641,25
945000	1266,33	5314,90	641,25
950000	1266,33	5314,90	641,25
955000	1266,33	5314,90	641,25
960000	1266,33	5314,90	641,25
965000	1266,33	5314,90	641,25
970000	1266,33	5314,90	641,25
975000	1266,33	5314,90	641,25
980000	1266,33	5314,90	641,25
985000	1266,33	5314,90	641,25
990000	1266,33	5314,90	641,25
995000	1266,33	5314,90	641,25
1000000	1266,33	5314,90	641,25
1005000	1266,33	5314,90	641,25
1010000	1266,33	5314,90	641,25
1015000	1266,33	5314,90	641,25
1020000	1266,33	5314,90	641,25
1025000	1266,33	5314,90	641,25
1030000	1266,33	5314,90	641,25
1035000	1266,33	5314,90	641,25
1040000	1266,33	5314,90	641,25
1045000	1266,33	5314,90	641,25
1050000	1266,33	5314,90	641,25
1055000	1266,33	5314,90	641,25
1060000	1266,33	5314,90	641,25
1065000	1266,33	5314,90	641,25
1070000	1266,33	5314,90	641,25
1075000	1266,33	5314,90	641,25
1080000	1266,33	5314,90	641,25
1085000	1266,33	5314,90	641,25
1090000	1266,33	5314,90	641,25
1095000	1266,33	5314,90	641,25
1100000	1266,33	5314,90	641,25
1105000	1266,33	5314,90	641,25
1110000	1266,33	5314,90	641,25
1115000	1266,33	5314,90	641,25
1120000	1266,33	5314,90	641,25
1125000	1266,33	5314,90	641,25
1130000	1266,33	5314,90	641,25
1135000	1266,33	5314,90	641,25
1140000	1266,33	5314,90	641,25
1145000	1266,33	5314,90	641,25
1150000	1266,33	5314,90	641,25
1155000	1266,33	5314,90	641,25
1160000	1266,33	5314,90	641,25
1165000	1266,33	5314,90	641,25
1170000	1266,33	5314,90	641,25
1175000	1266,33	5314,90	641,25
1180000	1266,33	5314,90	641,25
1185000	1266,33	5314,90	641,25
1190000	1266,33	5314,90	641,25
1195000	1266,33	5314,90	641,25
1200000	1266,33	5314,90	641,25
1205000	1266,33	5314,90	641,25
1210000	1266,33	5314,90	641,25
1215000	1266,33	5314,90	641,25
1220000	1266,33	5314,90	641,25
1225000	1266,33	5314,90	641,25
1230000	1266,33	5314,90	641,25
1235000	1266,33	5314,90	641,25
1240000	1266,33	5314,90	641,25
1245000	1266,33	5314,90	641,25
1250000	1266,33	5314,90	641,25
1255000	1266,33	5314,90	641,25
1260000	1266,33	5314,90	641,25
1265000	1266,33	5314,90	641,25
1270000	1266,33	5314,90	641,25
1275000	1266,33	5314,90	641,25
1280000	1266,33	5314,90	641,25
1285000	1266,33	5314,90	641,25
1290000	1266,33	5314,90	641,25
1295000	1266,33	5314,90	641,25
1300000	1266,33	5314,90	641,25
1305000	1266,33	5314,90	641,25
1310000	1266,33	5314,90	641,25
1315000	1266,33	5314,90	641,25
1320000	1266,33	5314,90	641,25
1325000	1266,33	5314,90	641,25
1330000	1266,33	5314,90	641,25
1335000	1266,33	5314,90	641,25
1340000	1266,33	5314,90	641,25
1345000	1266,33	5314,90	641,25
1350000	1266,33	5314,90	641,25
1355000	1266,33	5314,90	641,25
1360000	1266,33	5314,90	641,25
1365000	1266,33	5314,90	641,25
1370000	1266,33	5314,90	641,25
1375000	1266,33	5314,90	641,25
1380000	1266,33	5314,90	641,25
1385000	1266,33	5314,90	641,25
1390000	1266,33	5314,90	641,25
1395000	1266,33	5314,90	641,25
1400000	1266,33	5314,90	641,25
1405000	1266,33	5314,90	641,25
1410000	1266,33	5314,90	641,25
1415000	1266,33	5314,90	641,25
1420000	1266,33	5314,90	641,25
1425000	1266,33	5314,90	641,25
1430000	1266,33	5314,90	641,25
1435000	1266,33	5314,90	641,25
1440000	1266,33	5314,90	641,25
1445000	1266,33	5314,90	641,25
1450000	1266,33	5314,90	641,25
1455000	1266,33	5314,90	641,25
1460000	1266,33	5314,90	641,25
1465000	1266,33	5314,90	641,25
1470000	1266,33	5314,90	641,25
1475000	1266,33	5314,90	641,25
1480000	1266,33	5314,90	641,25
1485000	1266,33	5314,90	641,25
1490000	1266,33	5314,90	641,25
1495000	1266,33	5314,90	641,25
1500000	1266,33	5314,90	641,25
1505000	1266,33	5314,90	641,25
1510000	1266,33	5314,90	641,25
1515000	1266,33	5314,90	641,25
1520000	1266,33	5314,90	641,25
1525000	1266,33	5314,90	641,25
1530000	1266,33	5314,90	641,25
1535000	1266,33	5314,90	641,25
1540000	1266,33	5314,90	641,25
1545000	1266,33	5314,90	641,25
1550000	1266,33	5314,90	641,25
1555000	1266,33	5314,90	641,25
1560000	1266,33	5314,90	641,25
1565000	1266,33	5314,90	641,25
1570000	1266,33	5314,90	641,25
1575000	1266,33	5314,90	641,25
1580000	1266,33	5314,90	641,25
1585000	1266,33	5314,90	641,25
1590000	1266,33	5314,90	641,25
1595000	1266,33	5314,90	641,25
1600000	1266,33	5314,90	641,25
1605000	1266,33	5314,90	641,25
1610000	1266,33	5314,90	641,25
1615000	1266,33	5314,90	641,25
1620000	1266,33	5314,90	641,25
1625000	1266,33	5314,90	641,25
1630000	1266,33	5314,90	641,25
1635000	1266,33	5314,90	641,25
1640000	1266,33	5314,90	641,25
1645000	1266,33	5314,90	641,25
1650000	1266,33	5314,90	641,25
1655000	1266,33	5314,90	641,25
1660000	1266,33	5314,90	641,25
1665000	1266,33	5314,90	641,25
1670000	1266,33	5314,90	641,25
1675000	1266,33	5314,90	641,25
1680000	1266,33	5314,90	641,25
1685000	1266,33	5314,90	641,25
1690000	1266,33	5314,90	641,25
1695000	1266,33	5314,90	641,25
1700000	1266,33	5314,90	641,25
1705000	1266,33	5314,90	641,25
1710000	1266,33	5314,90	641,25
1715000	1266,33	5314,90	641,25
1720000	1266,33	5314,90	641,25
1725000	1266,33	5314,90	641,25
1730000	1266,33	5314,90	641,25
1735000	1266,33	5314,90	641,25
1740000	1266,33	5314,90	641,25
1745000	1266,33	5314,90	641,25
1750000	1266,33	5314,90	641,25
1755000	1266,33	5314,90	641,25
1760000	1266,33	5314,90	641,25
1765000	1266,33	5314,90	641,25
1770000	1266,33	5314,90	641,25
1775000	1266,33	5314,90	641,25
1780000	1266,33	5314,90	641,25
1785000	1266,33	5314,90	641,25

=== MELHOR SOLUCAO (Fitness Ponderado Minimo) ===
Fitness Ponderado: 7248,345935
Distancia: 1270,14
Tempo: 5331,48
Combustivel: 643,72

Veiculo 0: 12 clientes, demanda: 200/200, rota: [81, 78, 62, 74, 72, 61, 64, 68, 66, 69, 49, 47]
Veiculo 1: 12 clientes, demanda: 180/200, rota: [57, 55, 41, 40, 44, 46, 45, 48, 51, 50, 52, 75]
Veiculo 2: 10 clientes, demanda: 190/200, rota: [67, 86, 94, 92, 93, 97, 100, 99, 2, 1]
Veiculo 3: 10 clientes, demanda: 140/200, rota: [20, 24, 7, 8, 10, 11, 9, 6, 4, 21]
Veiculo 4: 9 clientes, demanda: 150/200, rota: [13, 17, 18, 19, 30, 28, 26, 23, 22]
Veiculo 5: 10 clientes, demanda: 190/200, rota: [98, 96, 95, 83, 82, 84, 85, 88, 89, 91]
Veiculo 6: 8 clientes, demanda: 180/200, rota: [32, 33, 31, 35, 38, 39, 36, 34]
Veiculo 7: 9 clientes, demanda: 190/200, rota: [43, 42, 54, 53, 56, 58, 60, 59, 80]
Veiculo 8: 8 clientes, demanda: 120/200, rota: [90, 87, 76, 71, 70, 73, 77, 79]
Veiculo 9: 6 clientes, demanda: 130/200, rota: [5, 3, 15, 16, 14, 12]
Veiculo 10: 4 clientes, demanda: 80/200, rota: [25, 27, 29, 37]
Veiculo 11: 2 clientes, demanda: 60/200, rota: [65, 63]
