Subpopulacao\Geracao	gFinal
NSGA3_DistanciaMin	1181,34
NSGA3_TempoMin	5277,65
NSGA3_CombustivelMin	594,37
NSGA3_DistanciaMedia	1223,54
NSGA3_TempoMedio	5308,07
NSGA3_CombustivelMedio	617,60
NSGA3_FitnessPonderadoMin	7117,95
NSGA3_FitnessPonderadoMedio	7152,22
NSGA3_TamanhoFrente	10
TempoExecucao(ms)	494965
Parametros	Pop=600; Geracoes=3000; Pc=1,00; Pm=0,01

=== DIAGNOSTICO ===
Solucoes criadas: 596
Total avaliacoes: 1788596
Solucoes unicas: 22334

=== HISTORICO DE EVOLUCAO ===
Eval	BestDist	BestTime	BestFuel
5000	1476,40	5546,42	746,03
10000	1476,40	5546,11	746,03
15000	1458,03	5544,92	737,32
20000	1450,80	5533,81	735,15
25000	1450,80	5530,47	735,15
30000	1450,80	5530,47	735,15
35000	1432,43	5528,01	726,45
40000	1432,43	5519,37	726,45
45000	1423,97	5515,06	722,10
50000	1423,97	5512,82	720,37
55000	1423,97	5501,06	720,37
60000	1408,70	5495,91	711,68
65000	1408,70	5484,33	711,68
70000	1404,06	5484,33	711,53
75000	1404,06	5484,33	711,53
80000	1399,32	5484,33	708,37
85000	1399,32	5461,92	708,37
90000	1392,59	5447,18	706,35
95000	1392,59	5447,18	706,35
100000	1374,22	5443,77	696,45
105000	1374,22	5430,27	696,45
110000	1374,05	5430,27	694,50
115000	1374,05	5430,27	694,50
120000	1374,05	5426,85	694,50
125000	1374,05	5426,85	694,50
130000	1373,94	5426,85	694,50
135000	1373,94	5421,95	694,50
140000	1373,94	5421,95	694,50
145000	1373,94	5418,53	694,50
150000	1373,94	5418,53	694,50
155000	1369,63	5417,27	692,03
160000	1367,43	5363,46	692,03
165000	1367,43	5363,46	692,03
170000	1367,43	5363,46	692,03
175000	1367,43	5363,46	690,15
180000	1367,43	5363,46	690,15
185000	1367,43	5363,46	690,15
190000	1367,43	5363,46	690,15
195000	1367,43	5356,32	690,15
200000	1367,43	5356,32	690,15
205000	1355,47	5356,32	689,18
210000	1355,47	5356,32	689,18
215000	1352,62	5356,32	685,28
220000	1351,49	5352,90	685,28
225000	1351,49	5352,90	685,28
230000	1351,49	5352,90	685,28
235000	1351,49	5352,90	685,28
240000	1344,66	5352,90	680,93
245000	1344,66	5352,90	680,93
250000	1344,66	5352,90	680,93
255000	1344,66	5352,90	680,93
260000	1344,66	5352,90	680,93
265000	1344,66	5352,90	680,93
270000	1338,85	5352,90	679,95
275000	1338,85	5352,90	679,95
280000	1338,85	5352,90	679,95
285000	1338,85	5352,90	679,95
290000	1338,85	5352,90	679,95
295000	1338,85	5352,90	677,78
300000	1313,49	5352,90	667,65
305000	1313,49	5352,90	667,65
310000	1313,49	5352,90	667,65
315000	1313,49	5352,90	667,65
320000	1313,49	5352,90	667,65
325000	1307,97	5324,62	660,52
330000	1307,97	5324,62	660,52
335000	1307,97	5324,21	660,52
340000	1305,35	5307,70	659,70
345000	1304,50	5307,70	657,68
350000	1297,01	5296,96	657,68
355000	1289,78	5296,96	650,78
360000	1281,36	5280,05	648,53
365000	1281,36	5280,05	647,10
370000	1274,49	5280,05	646,65
375000	1274,49	5280,05	646,65
380000	1274,49	5280,05	646,65
385000	1274,49	5280,05	646,65
390000	1268,49	5280,05	642,97
395000	1268,49	5280,05	642,97
400000	1268,49	5280,05	642,97
405000	1268,49	5280,05	642,97
410000	1268,29	5280,05	640,35
415000	1268,29	5280,05	640,35
420000	1268,29	5280,05	640,35
425000	1268,29	5277,52	640,35
430000	1268,29	5277,52	640,35
435000	1253,23	5277,52	634,28
440000	1253,23	5277,52	634,28
445000	1248,66	5277,52	633,68
450000	1248,66	5277,52	633,68
455000	1248,01	5277,52	633,68
460000	1248,01	5277,52	633,68
465000	1248,01	5277,52	633,68
470000	1248,01	5277,52	631,05
475000	1248,01	5277,52	631,05
480000	1248,01	5277,52	631,05
485000	1248,01	5277,52	631,05
490000	1248,01	5277,52	631,05
495000	1248,01	5277,52	631,05
500000	1248,01	5277,52	631,05
505000	1248,01	5277,52	631,05
510000	1247,63	5277,52	631,05
515000	1247,63	5277,52	631,05
520000	1247,63	5277,52	631,05
525000	1247,63	5277,52	631,05
530000	1247,63	5277,52	631,05
535000	1247,63	5277,52	631,05
540000	1247,63	5277,52	631,05
545000	1247,47	5277,52	631,05
550000	1247,47	5277,52	631,05
555000	1247,47	5277,52	631,05
560000	1247,47	5277,52	629,47
565000	1247,47	5277,52	629,47
570000	1246,94	5277,52	629,47
575000	1246,94	5277,52	629,47
580000	1246,89	5277,52	629,47
585000	1246,89	5277,52	629,47
590000	1246,89	5277,52	629,47
595000	1246,89	5277,52	629,47
600000	1246,89	5277,52	629,47
605000	1246,89	5277,52	629,47
610000	1246,89	5277,52	627,52
615000	1245,98	5277,52	627,52
620000	1245,98	5277,52	627,52
625000	1245,98	5277,52	627,52
630000	1245,98	5277,52	627,52
635000	1215,41	5277,52	613,80
640000	1215,41	5277,52	613,80
645000	1215,41	5277,52	613,80
650000	1215,41	5277,52	613,80
655000	1215,41	5277,52	613,80
660000	1213,68	5277,52	610,65
665000	1213,68	5277,52	610,65
670000	1213,68	5277,52	610,65
675000	1213,48	5277,52	610,65
680000	1213,48	5277,52	610,65
685000	1213,48	5277,52	610,65
690000	1212,38	5277,52	610,65
695000	1212,38	5277,52	610,65
700000	1200,36	5277,52	602,85
705000	1200,36	5277,52	602,85
710000	1189,04	5277,52	600,22
715000	1189,04	5277,52	600,22
720000	1187,85	5277,52	597,45
725000	1187,85	5277,52	597,45
730000	1187,85	5277,52	597,45
735000	1181,34	5277,52	594,37
740000	1181,34	5277,52	594,37
745000	1181,34	5277,52	594,37
750000	1181,34	5277,52	594,37
755000	1181,34	5277,52	594,37
760000	1181,34	5277,52	594,37
765000	1181,34	5277,52	594,37
770000	1181,34	5277,52	594,37
775000	1181,34	5277,52	594,37
780000	1181,34	5277,52	594,37
785000	1181,34	5277,52	594,37
790000	1181,34	5277,52	594,37
795000	1181,34	5277,52	594,37
800000	1181,34	5277,52	594,37
805000	1181,34	5277,52	594,37
810000	1181,34	5277,52	594,37
815000	1181,34	5277,52	594,37
820000	1181,34	5277,52	594,37
825000	1181,34	5277,52	594,37
830000	1181,34	5277,52	594,37
835000	1181,34	5277,52	594,37
840000	1181,34	5277,52	594,37
845000	1181,34	5277,52	594,37
850000	1181,34	5277,52	594,37
855000	1181,34	5277,52	594,37
860000	1181,34	5277,52	594,37
865000	1181,34	5277,52	594,37
870000	1181,34	5277,52	594,37
875000	1181,34	5277,52	594,37
880000	1181,34	5277,52	594,37
885000	1181,34	5277,52	594,37
890000	1181,34	5277,52	594,37
895000	1181,34	5277,52	594,37
900000	1181,34	5277,52	594,37
905000	1181,34	5277,52	594,37
910000	1181,34	5277,52	594,37
915000	1181,34	5277,52	594,37
920000	1181,34	5277,52	594,37
925000	1181,34	5277,52	594,37
930000	1181,34	5277,52	594,37
935000	1181,34	5277,52	594,37
940000	1181,34	5277,52	594,37
945000	1181,34	5277,52	594,37
950000	1181,34	5277,52	594,37
955000	1181,34	5277,52	594,37
960000	1181,34	5277,52	594,37
965000	1181,34	5277,52	594,37
970000	1181,34	5277,52	594,37
975000	1181,34	5277,52	594,37
980000	1181,34	5277,52	594,37
985000	1181,34	5277,52	594,37
990000	1181,34	5277,52	594,37
995000	1181,34	5277,52	594,37
1000000	1181,34	5277,52	594,37
1005000	1181,34	5277,52	594,37
1010000	1181,34	5277,52	594,37
1015000	1181,34	5277,52	594,37
1020000	1181,34	5277,52	594,37
1025000	1181,34	5277,52	594,37
1030000	1181,34	5277,52	594,37
1035000	1181,34	5277,52	594,37
1040000	1181,34	5277,52	594,37
1045000	1181,34	5277,52	594,37
1050000	1181,34	5277,52	594,37
1055000	1181,34	5277,52	594,37
1060000	1181,34	5277,52	594,37
1065000	1181,34	5277,52	594,37
1070000	1181,34	5277,52	594,37
1075000	1181,34	5277,52	594,37
1080000	1181,34	5277,52	594,37
1085000	1181,34	5277,52	594,37
1090000	1181,34	5277,52	594,37
1095000	1181,34	5277,52	594,37
1100000	1181,34	5277,52	594,37
1105000	1181,34	5277,52	594,37
1110000	1181,34	5277,52	594,37
1115000	1181,34	5277,52	594,37
1120000	1181,34	5277,52	594,37
1125000	1181,34	5277,52	594,37
1130000	1181,34	5277,52	594,37
1135000	1181,34	5277,52	594,37
1140000	1181,34	5277,52	594,37
1145000	1181,34	5277,52	594,37
1150000	1181,34	5277,52	594,37
1155000	1181,34	5277,52	594,37
1160000	1181,34	5277,52	594,37
1165000	1181,34	5277,52	594,37
1170000	1181,34	5277,52	594,37
1175000	1181,34	5277,52	594,37
1180000	1181,34	5277,52	594,37
1185000	1181,34	5277,52	594,37
1190000	1181,34	5277,52	594,37
1195000	1181,34	5277,52	594,37
1200000	1181,34	5277,52	594,37
1205000	1181,34	5277,52	594,37
1210000	1181,34	5277,52	594,37
1215000	1181,34	5277,52	594,37
1220000	1181,34	5277,52	594,37
1225000	1181,34	5277,52	594,37
1230000	1181,34	5277,52	594,37
1235000	1181,34	5277,52	594,37
1240000	1181,34	5277,52	594,37
1245000	1181,34	5277,52	594,37
1250000	1181,34	5277,52	594,37
1255000	1181,34	5277,52	594,37
1260000	1181,34	5277,52	594,37
1265000	1181,34	5277,52	594,37
1270000	1181,34	5277,52	594,37
1275000	1181,34	5277,52	594,37
1280000	1181,34	5277,52	594,37
1285000	1181,34	5277,52	594,37
1290000	1181,34	5277,52	594,37
1295000	1181,34	5277,52	594,37
1300000	1181,34	5277,52	594,37
1305000	1181,34	5277,52	594,37
1310000	1181,34	5277,52	594,37
1315000	1181,34	5277,52	594,37
1320000	1181,34	5277,52	594,37
1325000	1181,34	5277,52	594,37
1330000	1181,34	5277,52	594,37
1335000	1181,34	5277,52	594,37
1340000	1181,34	5277,52	594,37
1345000	1181,34	5277,52	594,37
1350000	1181,34	5277,52	594,37
1355000	1181,34	5277,52	594,37
1360000	1181,34	5277,52	594,37
1365000	1181,34	5277,52	594,37
1370000	1181,34	5277,52	594,37
1375000	1181,34	5277,52	594,37
1380000	1181,34	5277,52	594,37
1385000	1181,34	5277,52	594,37
1390000	1181,34	5277,52	594,37
1395000	1181,34	5277,52	594,37
1400000	1181,34	5277,52	594,37
1405000	1181,34	5277,52	594,37
1410000	1181,34	5277,52	594,37
1415000	1181,34	5277,52	594,37
1420000	1181,34	5277,52	594,37
1425000	1181,34	5277,52	594,37
1430000	1181,34	5277,52	594,37
1435000	1181,34	5277,52	594,37
1440000	1181,34	5277,52	594,37
1445000	1181,34	5277,52	594,37
1450000	1181,34	5277,52	594,37
1455000	1181,34	5277,52	594,37
1460000	1181,34	5277,52	594,37
1465000	1181,34	5277,52	594,37
1470000	1181,34	5277,52	594,37
1475000	1181,34	5277,52	594,37
1480000	1181,34	5277,52	594,37
1485000	1181,34	5277,52	594,37
1490000	1181,34	5277,52	594,37
1495000	1181,34	5277,52	594,37
1500000	1181,34	5277,52	594,37
1505000	1181,34	5277,52	594,37
1510000	1181,34	5277,52	594,37
1515000	1181,34	5277,52	594,37
1520000	1181,34	5277,52	594,37
1525000	1181,34	5277,52	594,37
1530000	1181,34	5277,52	594,37
1535000	1181,34	5277,52	594,37
1540000	1181,34	5277,52	594,37
1545000	1181,34	5277,52	594,37
1550000	1181,34	5277,52	594,37
1555000	1181,34	5277,52	594,37
1560000	1181,34	5277,52	594,37
1565000	1181,34	5277,52	594,37
1570000	1181,34	5277,52	594,37
1575000	1181,34	5277,52	594,37
1580000	1181,34	5277,52	594,37
1585000	1181,34	5277,52	594,37
1590000	1181,34	5277,52	594,37
1595000	1181,34	5277,52	594,37
1600000	1181,34	5277,52	594,37
1605000	1181,34	5277,52	594,37
1610000	1181,34	5277,52	594,37
1615000	1181,34	5277,52	594,37
1620000	1181,34	5277,52	594,37
1625000	1181,34	5277,52	594,37
1630000	1181,34	5277,52	594,37
1635000	1181,34	5277,52	594,37
1640000	1181,34	5277,52	594,37
1645000	1181,34	5277,52	594,37
1650000	1181,34	5277,52	594,37
1655000	1181,34	5277,52	594,37
1660000	1181,34	5277,52	594,37
1665000	1181,34	5277,52	594,37
1670000	1181,34	5277,52	594,37
1675000	1181,34	5277,52	594,37
1680000	1181,34	5277,52	594,37
1685000	1181,34	5277,52	594,37
1690000	1181,34	5277,52	594,37
1695000	1181,34	5277,52	594,37
1700000	1181,34	5277,52	594,37
1705000	1181,34	5277,52	594,37
1710000	1181,34	5277,52	594,37
1715000	1181,34	5277,52	594,37
1720000	1181,34	5277,52	594,37
1725000	1181,34	5277,52	594,37
1730000	1181,34	5277,52	594,37
1735000	1181,34	5277,52	594,37
1740000	1181,34	5277,52	594,37
1745000	1181,34	5277,52	594,37
1750000	1181,34	5277,52	594,37
1755000	1181,34	5277,52	594,37
1760000	1181,34	5277,52	594,37
1765000	1181,34	5277,52	594,37
1770000	1181,34	5277,52	594,37
1775000	1181,34	5277,52	594,37
1780000	1181,34	5277,52	594,37
1785000	1181,34	5277,52	594,37

=== MELHOR SOLUCAO (Fitness Ponderado Minimo) ===
Fitness Ponderado: 7117,946669
Distancia: 1215,36
Tempo: 5288,11
Combustivel: 611,47

Veiculo 0: 12 clientes, demanda: 170/200, rota: [65, 67, 62, 74, 72, 61, 64, 68, 66, 69, 49, 47]
Veiculo 1: 12 clientes, demanda: 180/200, rota: [57, 55, 41, 40, 44, 46, 45, 48, 51, 50, 52, 75]
Veiculo 2: 10 clientes, demanda: 200/200, rota: [3, 96, 95, 94, 93, 97, 100, 99, 2, 1]
Veiculo 3: 11 clientes, demanda: 180/200, rota: [20, 24, 25, 8, 10, 11, 9, 6, 4, 22, 21]
Veiculo 4: 8 clientes, demanda: 120/200, rota: [13, 17, 27, 29, 30, 28, 26, 23]
Veiculo 5: 10 clientes, demanda: 170/200, rota: [90, 87, 86, 83, 82, 84, 85, 88, 89, 91]
Veiculo 6: 9 clientes, demanda: 200/200, rota: [32, 33, 31, 35, 37, 38, 39, 36, 34]
Veiculo 7: 9 clientes, demanda: 190/200, rota: [43, 42, 54, 53, 56, 58, 60, 59, 80]
Veiculo 8: 8 clientes, demanda: 140/200, rota: [78, 81, 76, 71, 70, 73, 77, 79]
Veiculo 9: 6 clientes, demanda: 140/200, rota: [18, 19, 15, 16, 14, 12]
Veiculo 10: 3 clientes, demanda: 50/200, rota: [5, 7, 92]
Veiculo 11: 2 clientes, demanda: 70/200, rota: [98, 63]
