# VRP NSGA-III - Frente de Pareto
# Tempo: 512975 ms | Tamanho: 22
# Formato: Distancia Tempo Combustivel FitnessPonderado

1217,816056 5305,276272 610,725000 7136,817328
1293,609842 5280,047719 656,025000 7232,682561
1219,501326 5296,940549 611,550000 7130,991875
1292,048037 5288,054951 653,025000 7236,127988
1226,037109 5292,086305 615,300000 7136,423414
1212,584793 5353,444484 611,775000 7180,804276
1197,909481 5443,674556 604,800000 7249,384037
1206,967599 5356,612276 610,050000 7176,629874
1201,793626 5417,905933 604,575000 7227,274559
1202,471115 5369,802243 604,800000 7180,073358
1210,589523 5355,041208 612,075000 7180,705730
1202,194834 5400,867712 605,625000 7211,687546
1200,509565 5409,203435 604,800000 7217,512999
1213,851716 5333,439658 609,375000 7159,666373
1210,692168 5356,612276 608,700000 7179,004443
1204,156384 5361,466520 605,625000 7174,247905
1198,595417 5452,377054 600,675000 7254,647471
1215,536985 5325,103935 610,200000 7153,840920
1298,115998 5286,355455 655,575000 7243,046454
1200,280686 5444,041332 601,500000 7248,822018
1199,594751 5435,338833 605,625000 7243,558584
1201,579235 5404,273365 604,800000 7213,652600
