# VRP NSGA-III - Frente de Pareto
# Tempo: 494965 ms | Tamanho: 10
# Formato: Distancia Tempo Combustivel FitnessPonderado

1181,339326 5364,807306 594,375000 7143,521632
1205,745464 5333,586407 608,700000 7151,031871
1213,678456 5296,443666 610,650000 7123,772122
1223,598433 5283,253698 615,900000 7125,752131
1187,601312 5340,801431 598,725000 7130,127743
1215,363726 5288,107943 611,475000 7117,946669
1289,609361 5279,222344 653,625000 7225,456706
1232,310496 5281,682630 623,700000 7140,693126
1298,321424 5277,651276 661,425000 7240,397701
1187,854072 5335,157475 597,450000 7123,461547
