# VRP NSGA-III - Frente de Pareto
# Tempo: 487399 ms | Tamanho: 13
# Formato: Distancia Tempo Combustivel FitnessPonderado

1246,826960 5512,439819 632,325000 7394,591779
1249,693940 5319,433015 629,250000 7201,376955
1249,830622 5316,028769 629,250000 7198,109391
1258,698537 5309,118370 632,325000 7203,141907
1305,330279 5284,267284 655,200000 7247,797563
1262,078104 5292,166482 635,025000 7192,269586
1251,696465 5327,762283 627,300000 7209,758748
1247,257454 5482,789988 632,325000 7365,372442
1256,556362 5309,179776 633,300000 7202,036138
1250,788706 5313,632628 630,225000 7197,646334
1248,147495 5482,789988 630,150000 7364,087483
1304,293642 5282,399436 655,425000 7245,118078
1247,717001 5512,439819 630,150000 7393,306821
