# VRP NSGA-III - Frente de Pareto
# Tempo: 485534 ms | Tamanho: 10
# Formato: Distancia Tempo Combustivel FitnessPonderado

1174,612106 5385,020381 589,425000 7152,057487
1219,136630 5275,303387 611,625000 7109,065017
1185,446694 5301,456991 594,975000 7084,878685
1184,704547 5320,899428 594,225000 7102,828975
1210,915577 5288,493355 607,050000 7109,458932
1212,600847 5280,157632 607,875000 7103,633479
1178,643122 5331,106822 590,625000 7103,374944
1175,506088 5342,682186 590,175000 7111,363275
1182,309660 5313,032355 594,975000 7093,317016
1177,900975 5350,549259 589,875000 7121,325234
