# VRP NSGA-III - Frente de Pareto
# Tempo: 502850 ms | Tamanho: 14
# Formato: Distancia Tempo Combustivel FitnessPonderado

1253,876589 5336,493796 637,875000 7231,245384
1287,690991 5323,916543 651,075000 7265,682534
1287,307768 5326,561406 652,200000 7269,069175
1271,758771 5331,172397 647,100000 7253,031168
1252,860142 5343,787832 637,875000 7237,522974
1254,543318 5331,482908 636,225000 7225,251225
1259,197379 5345,709170 635,100000 7243,006549
1287,467678 5318,905655 651,600000 7260,973334
1254,766630 5336,493796 635,700000 7229,960426
1322,811248 5313,755746 673,275000 7312,841994
1288,100903 5314,256482 652,200000 7257,557384
1272,648813 5331,172397 644,925000 7251,746210
1253,653276 5331,482908 638,400000 7226,536184
1253,750183 5343,787832 635,700000 7236,238015
