# VRP NSGA-III - Frente de Pareto
# Tempo: 489473 ms | Tamanho: 9
# Formato: Distancia Tempo Combustivel FitnessPonderado

1307,833717 5315,414202 663,975000 7290,222919
1295,250463 5328,783137 655,950000 7282,983600
1266,325519 5346,787832 641,250000 7257,363351
1296,043597 5316,478213 656,475000 7271,996810
1342,544062 5314,913466 685,050000 7345,507528
1269,344892 5343,787832 643,200000 7259,332725
1296,266909 5321,489101 655,950000 7276,706010
1270,361339 5336,493796 643,200000 7253,055135
1270,138027 5331,482908 643,725000 7248,345935
