Subpopulacao\Geracao	gFinal
NSGA3_DistanciaMin	1724,64
NSGA3_TempoMin	1493,04
NSGA3_CombustivelMin	873,07
NSGA3_DistanciaMedia	1731,22
NSGA3_TempoMedio	1504,65
NSGA3_CombustivelMedio	876,49
NSGA3_FitnessPonderadoMin	4107,85
NSGA3_FitnessPonderadoMedio	4116,11
NSGA3_TamanhoFrente	11
TempoExecucao(ms)	472923
Parametros	Pop=600; Geracoes=3000; Pc=1,00; Pm=0,01

=== DIAGNOSTICO ===
Solucoes criadas: 596
Total avaliacoes: 1788596
Solucoes unicas: 32789

=== HISTORICO DE EVOLUCAO ===
Eval	BestDist	BestTime	BestFuel
5000	2046,95	1654,43	1033,80
10000	2044,26	1652,32	1033,80
15000	2029,06	1648,59	1026,45
20000	2024,56	1640,92	1024,95
25000	2009,55	1640,92	1017,07
30000	1999,95	1633,35	1010,40
35000	1999,95	1633,35	1010,40
40000	1999,95	1633,35	1010,40
45000	1988,25	1632,50	1005,38
50000	1983,52	1632,50	1002,75
55000	1979,16	1632,50	997,05
60000	1979,16	1626,51	997,05
65000	1956,76	1625,07	988,88
70000	1956,76	1619,26	988,88
75000	1956,76	1619,26	988,88
80000	1956,76	1619,26	988,88
85000	1956,76	1619,26	988,88
90000	1928,83	1619,26	974,63
95000	1928,83	1619,26	974,63
100000	1928,83	1615,34	974,63
105000	1928,83	1614,41	974,63
110000	1926,22	1610,89	969,00
115000	1926,22	1610,89	969,00
120000	1898,66	1610,89	960,83
125000	1898,66	1610,89	960,83
130000	1898,66	1610,89	960,83
135000	1891,82	1610,89	955,43
140000	1891,82	1607,12	955,43
145000	1891,82	1603,89	955,43
150000	1891,82	1603,89	955,43
155000	1870,55	1589,94	944,55
160000	1870,55	1589,94	944,55
165000	1856,14	1582,04	938,40
170000	1856,14	1582,04	938,40
175000	1856,14	1582,04	938,40
180000	1856,14	1582,04	938,40
185000	1856,14	1582,04	938,40
190000	1856,14	1582,04	938,40
195000	1856,14	1582,04	938,40
200000	1856,14	1582,04	938,40
205000	1856,14	1582,04	938,40
210000	1856,14	1582,04	938,40
215000	1849,30	1582,04	935,55
220000	1849,30	1581,38	935,55
225000	1847,93	1581,38	933,15
230000	1845,77	1581,38	933,15
235000	1845,77	1581,38	933,15
240000	1845,77	1580,31	933,15
245000	1845,77	1580,31	933,15
250000	1845,77	1579,17	933,15
255000	1845,51	1579,17	931,13
260000	1845,51	1578,79	931,13
265000	1844,53	1578,79	931,13
270000	1842,13	1577,96	931,13
275000	1842,13	1557,40	931,13
280000	1839,35	1557,40	926,77
285000	1839,35	1557,40	926,77
290000	1839,35	1557,40	926,77
295000	1837,92	1557,40	926,77
300000	1837,90	1557,40	926,77
305000	1831,95	1557,40	926,77
310000	1828,00	1557,40	926,10
315000	1828,00	1548,45	923,85
320000	1828,00	1544,22	923,10
325000	1820,35	1544,22	923,03
330000	1820,35	1544,22	922,43
335000	1820,35	1544,22	922,43
340000	1820,35	1544,22	922,43
345000	1820,35	1543,09	922,43
350000	1820,35	1543,09	919,50
355000	1815,36	1534,69	919,35
360000	1815,36	1533,00	919,35
365000	1810,25	1532,19	915,00
370000	1806,57	1532,19	911,33
375000	1806,57	1532,19	911,33
380000	1806,57	1532,19	911,33
385000	1806,57	1532,19	911,33
390000	1806,57	1532,19	911,33
395000	1806,57	1532,19	911,33
400000	1806,57	1532,19	911,33
405000	1806,57	1529,64	911,33
410000	1806,57	1528,19	910,65
415000	1806,57	1528,19	910,65
420000	1806,57	1528,19	910,65
425000	1804,40	1528,19	910,65
430000	1804,40	1528,19	910,65
435000	1804,17	1526,93	906,97
440000	1804,17	1526,93	906,97
445000	1804,17	1526,93	906,97
450000	1804,17	1524,19	906,97
455000	1804,17	1524,19	906,97
460000	1804,17	1524,19	906,97
465000	1804,17	1524,19	906,97
470000	1804,17	1524,19	906,97
475000	1804,17	1524,19	906,97
480000	1804,17	1524,19	906,97
485000	1804,17	1524,19	906,97
490000	1804,17	1524,19	906,97
495000	1804,17	1524,19	906,97
500000	1804,17	1524,19	906,97
505000	1804,17	1524,19	906,97
510000	1804,17	1524,19	906,97
515000	1800,79	1524,19	906,97
520000	1800,79	1524,19	906,97
525000	1800,79	1524,19	906,97
530000	1800,79	1524,19	906,97
535000	1800,79	1524,19	906,97
540000	1800,79	1524,19	906,97
545000	1800,79	1524,19	906,97
550000	1800,79	1524,19	906,97
555000	1800,79	1524,19	906,97
560000	1800,79	1524,19	906,97
565000	1800,79	1524,19	906,97
570000	1800,79	1524,19	906,97
575000	1800,79	1524,19	906,97
580000	1800,79	1524,19	906,97
585000	1800,79	1524,19	906,97
590000	1800,79	1524,19	906,97
595000	1800,79	1524,19	906,97
600000	1800,79	1524,19	906,97
605000	1800,79	1524,19	906,97
610000	1800,79	1524,19	906,97
615000	1800,79	1524,19	906,97
620000	1800,79	1524,19	906,97
625000	1800,79	1524,19	906,97
630000	1800,79	1524,19	906,97
635000	1800,79	1524,19	906,97
640000	1800,79	1524,19	906,97
645000	1800,79	1524,19	906,97
650000	1800,79	1524,19	906,97
655000	1800,79	1524,19	906,97
660000	1800,79	1524,19	906,97
665000	1800,79	1524,19	906,97
670000	1800,79	1524,19	906,97
675000	1788,71	1518,63	901,95
680000	1788,71	1518,63	901,95
685000	1788,71	1518,63	901,95
690000	1788,71	1518,63	901,95
695000	1788,71	1518,63	901,95
700000	1788,71	1518,63	901,95
705000	1788,71	1518,63	901,95
710000	1788,71	1518,63	901,95
715000	1788,71	1518,63	901,95
720000	1788,71	1517,44	901,95
725000	1788,71	1517,44	901,95
730000	1788,71	1517,44	901,95
735000	1788,71	1517,44	901,95
740000	1788,71	1517,44	901,95
745000	1785,04	1517,44	898,27
750000	1785,04	1517,44	898,27
755000	1785,04	1517,44	898,27
760000	1785,04	1517,44	898,27
765000	1785,04	1517,44	898,27
770000	1785,04	1517,44	898,27
775000	1785,04	1517,44	898,27
780000	1785,04	1517,44	898,27
785000	1772,42	1510,49	895,72
790000	1772,42	1510,49	895,72
795000	1772,42	1510,49	895,72
800000	1772,42	1510,49	895,72
805000	1772,42	1510,49	895,72
810000	1772,42	1510,49	895,72
815000	1772,42	1510,49	895,72
820000	1772,42	1510,49	895,72
825000	1772,42	1510,49	895,72
830000	1772,42	1510,49	895,72
835000	1772,42	1510,49	895,72
840000	1772,42	1510,49	895,72
845000	1772,42	1508,16	895,72
850000	1772,42	1508,16	895,72
855000	1769,00	1508,16	892,05
860000	1769,00	1508,16	892,05
865000	1769,00	1508,16	892,05
870000	1769,00	1508,16	892,05
875000	1769,00	1508,16	892,05
880000	1769,00	1508,16	892,05
885000	1767,12	1508,16	889,57
890000	1767,12	1508,16	889,57
895000	1760,95	1504,75	888,22
900000	1760,95	1504,75	888,22
905000	1760,95	1504,75	888,22
910000	1758,32	1504,75	885,90
915000	1758,32	1504,75	885,90
920000	1758,32	1504,75	885,90
925000	1757,73	1504,75	885,22
930000	1751,56	1503,58	883,88
935000	1751,56	1497,14	883,88
940000	1743,86	1497,14	882,37
945000	1743,86	1497,14	882,37
950000	1741,13	1497,14	881,18
955000	1740,18	1497,14	878,70
960000	1734,48	1497,14	878,02
965000	1731,74	1495,52	878,02
970000	1731,74	1494,33	878,02
975000	1731,74	1494,33	878,02
980000	1731,74	1493,89	878,02
985000	1731,74	1493,89	878,02
990000	1731,74	1493,78	878,02
995000	1731,72	1493,78	878,02
1000000	1730,79	1493,78	874,35
1005000	1730,79	1493,78	874,35
1010000	1728,06	1493,78	874,35
1015000	1728,06	1493,35	874,35
1020000	1728,06	1493,35	874,35
1025000	1728,06	1493,35	874,35
1030000	1728,06	1493,35	874,35
1035000	1728,06	1493,35	874,35
1040000	1728,06	1493,35	874,35
1045000	1728,06	1493,21	874,35
1050000	1728,06	1493,21	874,35
1055000	1728,06	1493,21	874,35
1060000	1728,06	1493,21	874,35
1065000	1724,64	1493,21	873,15
1070000	1724,64	1493,21	873,15
1075000	1724,64	1493,21	873,15
1080000	1724,64	1493,21	873,15
1085000	1724,64	1493,21	873,15
1090000	1724,64	1493,21	873,15
1095000	1724,64	1493,21	873,15
1100000	1724,64	1493,21	873,15
1105000	1724,64	1493,21	873,15
1110000	1724,64	1493,04	873,15
1115000	1724,64	1493,04	873,15
1120000	1724,64	1493,04	873,15
1125000	1724,64	1493,04	873,15
1130000	1724,64	1493,04	873,15
1135000	1724,64	1493,04	873,15
1140000	1724,64	1493,04	873,15
1145000	1724,64	1493,04	873,15
1150000	1724,64	1493,04	873,15
1155000	1724,64	1493,04	873,15
1160000	1724,64	1493,04	873,15
1165000	1724,64	1493,04	873,15
1170000	1724,64	1493,04	873,15
1175000	1724,64	1493,04	873,15
1180000	1724,64	1493,04	873,07
1185000	1724,64	1493,04	873,07
1190000	1724,64	1493,04	873,07
1195000	1724,64	1493,04	873,07
1200000	1724,64	1493,04	873,07
1205000	1724,64	1493,04	873,07
1210000	1724,64	1493,04	873,07
1215000	1724,64	1493,04	873,07
1220000	1724,64	1493,04	873,07
1225000	1724,64	1493,04	873,07
1230000	1724,64	1493,04	873,07
1235000	1724,64	1493,04	873,07
1240000	1724,64	1493,04	873,07
1245000	1724,64	1493,04	873,07
1250000	1724,64	1493,04	873,07
1255000	1724,64	1493,04	873,07
1260000	1724,64	1493,04	873,07
1265000	1724,64	1493,04	873,07
1270000	1724,64	1493,04	873,07
1275000	1724,64	1493,04	873,07
1280000	1724,64	1493,04	873,07
1285000	1724,64	1493,04	873,07
1290000	1724,64	1493,04	873,07
1295000	1724,64	1493,04	873,07
1300000	1724,64	1493,04	873,07
1305000	1724,64	1493,04	873,07
1310000	1724,64	1493,04	873,07
1315000	1724,64	1493,04	873,07
1320000	1724,64	1493,04	873,07
1325000	1724,64	1493,04	873,07
1330000	1724,64	1493,04	873,07
1335000	1724,64	1493,04	873,07
1340000	1724,64	1493,04	873,07
1345000	1724,64	1493,04	873,07
1350000	1724,64	1493,04	873,07
1355000	1724,64	1493,04	873,07
1360000	1724,64	1493,04	873,07
1365000	1724,64	1493,04	873,07
1370000	1724,64	1493,04	873,07
1375000	1724,64	1493,04	873,07
1380000	1724,64	1493,04	873,07
1385000	1724,64	1493,04	873,07
1390000	1724,64	1493,04	873,07
1395000	1724,64	1493,04	873,07
1400000	1724,64	1493,04	873,07
1405000	1724,64	1493,04	873,07
1410000	1724,64	1493,04	873,07
1415000	1724,64	1493,04	873,07
1420000	1724,64	1493,04	873,07
1425000	1724,64	1493,04	873,07
1430000	1724,64	1493,04	873,07
1435000	1724,64	1493,04	873,07
1440000	1724,64	1493,04	873,07
1445000	1724,64	1493,04	873,07
1450000	1724,64	1493,04	873,07
1455000	1724,64	1493,04	873,07
1460000	1724,64	1493,04	873,07
1465000	1724,64	1493,04	873,07
1470000	1724,64	1493,04	873,07
1475000	1724,64	1493,04	873,07
1480000	1724,64	1493,04	873,07
1485000	1724,64	1493,04	873,07
1490000	1724,64	1493,04	873,07
1495000	1724,64	1493,04	873,07
1500000	1724,64	1493,04	873,07
1505000	1724,64	1493,04	873,07
1510000	1724,64	1493,04	873,07
1515000	1724,64	1493,04	873,07
1520000	1724,64	1493,04	873,07
1525000	1724,64	1493,04	873,07
1530000	1724,64	1493,04	873,07
1535000	1724,64	1493,04	873,07
1540000	1724,64	1493,04	873,07
1545000	1724,64	1493,04	873,07
1550000	1724,64	1493,04	873,07
1555000	1724,64	1493,04	873,07
1560000	1724,64	1493,04	873,07
1565000	1724,64	1493,04	873,07
1570000	1724,64	1493,04	873,07
1575000	1724,64	1493,04	873,07
1580000	1724,64	1493,04	873,07
1585000	1724,64	1493,04	873,07
1590000	1724,64	1493,04	873,07
1595000	1724,64	1493,04	873,07
1600000	1724,64	1493,04	873,07
1605000	1724,64	1493,04	873,07
1610000	1724,64	1493,04	873,07
1615000	1724,64	1493,04	873,07
1620000	1724,64	1493,04	873,07
1625000	1724,64	1493,04	873,07
1630000	1724,64	1493,04	873,07
1635000	1724,64	1493,04	873,07
1640000	1724,64	1493,04	873,07
1645000	1724,64	1493,04	873,07
1650000	1724,64	1493,04	873,07
1655000	1724,64	1493,04	873,07
1660000	1724,64	1493,04	873,07
1665000	1724,64	1493,04	873,07
1670000	1724,64	1493,04	873,07
1675000	1724,64	1493,04	873,07
1680000	1724,64	1493,04	873,07
1685000	1724,64	1493,04	873,07
1690000	1724,64	1493,04	873,07
1695000	1724,64	1493,04	873,07
1700000	1724,64	1493,04	873,07
1705000	1724,64	1493,04	873,07
1710000	1724,64	1493,04	873,07
1715000	1724,64	1493,04	873,07
1720000	1724,64	1493,04	873,07
1725000	1724,64	1493,04	873,07
1730000	1724,64	1493,04	873,07
1735000	1724,64	1493,04	873,07
1740000	1724,64	1493,04	873,07
1745000	1724,64	1493,04	873,07
1750000	1724,64	1493,04	873,07
1755000	1724,64	1493,04	873,07
1760000	1724,64	1493,04	873,07
1765000	1724,64	1493,04	873,07
1770000	1724,64	1493,04	873,07
1775000	1724,64	1493,04	873,07
1780000	1724,64	1493,04	873,07
1785000	1724,64	1493,04	873,07

=== MELHOR SOLUCAO (Fitness Ponderado Minimo) ===
Fitness Ponderado: 4107,854546
Distancia: 1732,87
Tempo: 1493,21
Combustivel: 878,03

Veiculo 0: 10 clientes, demanda: 165/200, rota: [92, 95, 67, 31, 29, 27, 34, 50, 91, 80]
Veiculo 1: 7 clientes, demanda: 72/200, rota: [62, 33, 30, 28, 32, 93, 96]
Veiculo 2: 7 clientes, demanda: 116/200, rota: [65, 52, 59, 75, 97, 58, 77]
Veiculo 3: 8 clientes, demanda: 181/200, rota: [72, 40, 36, 38, 37, 43, 35, 70]
Veiculo 4: 9 clientes, demanda: 171/200, rota: [83, 64, 22, 49, 19, 25, 24, 20, 48]
Veiculo 5: 9 clientes, demanda: 139/200, rota: [2, 7, 45, 5, 3, 46, 6, 100, 55]
Veiculo 6: 4 clientes, demanda: 85/200, rota: [23, 21, 18, 89]
Veiculo 7: 7 clientes, demanda: 111/200, rota: [76, 85, 63, 51, 84, 56, 66]
Veiculo 8: 8 clientes, demanda: 116/200, rota: [98, 12, 14, 47, 16, 13, 17, 60]
Veiculo 9: 7 clientes, demanda: 141/200, rota: [82, 11, 15, 87, 86, 57, 74]
Veiculo 10: 7 clientes, demanda: 97/200, rota: [42, 44, 39, 41, 81, 54, 68]
Veiculo 11: 4 clientes, demanda: 76/200, rota: [61, 94, 71, 26]
Veiculo 12: 5 clientes, demanda: 101/200, rota: [88, 78, 53, 9, 10]
Veiculo 13: 3 clientes, demanda: 48/200, rota: [69, 99, 90]
Veiculo 14: 5 clientes, demanda: 105/200, rota: [73, 79, 8, 4, 1]
