# VRP NSGA-III - Frente de Pareto
# Tempo: 472273 ms | Tamanho: 9
# Formato: Distancia Tempo Combustivel FitnessPonderado

1627,100896 1457,827654 822,975000 3911,653550
1623,435713 1472,827654 819,300000 3919,313368
1628,051414 1456,984611 824,250000 3913,036025
1629,200771 1455,792028 824,250000 3912,992799
1628,250252 1456,635072 822,975000 3911,610324
1630,305637 1453,023137 824,250000 3911,328774
1639,971631 1451,822671 827,325000 3922,869302
1631,454993 1451,830555 824,250000 3911,285548
1624,386232 1471,984611 820,575000 3920,695843
