# VRP NSGA-III - Frente de Pareto
# Tempo: 484827 ms | Tamanho: 16
# Formato: Distancia Tempo Combustivel FitnessPonderado

1735,505019 1501,660752 878,475000 4119,390771
1753,006058 1496,455893 888,375000 4141,586951
1744,127406 1499,803036 883,500000 4131,180441
1745,220272 1498,731910 879,675000 4127,377182
1740,752065 1499,925354 878,475000 4122,902419
1745,533028 1497,121027 883,350000 4129,754055
1734,668418 1501,242452 879,675000 4119,335870
1735,907151 1515,277166 876,000000 4130,934317
1746,369629 1497,539328 879,675000 4127,333956
1744,383671 1498,313610 883,350000 4129,797281
1735,817774 1500,049870 879,675000 4119,292644
1736,654375 1500,468170 878,475000 4119,347545
1753,842659 1496,874193 884,700000 4139,166852
1739,387951 1501,834958 877,950000 4122,922909
1743,290805 1499,384735 884,700000 4131,125540
1738,238594 1503,027540 877,950000 4122,966135
