# VRP NSGA-III - Frente de Pareto
# Tempo: 476172 ms | Tamanho: 46
# Formato: Distancia Tempo Combustivel FitnessPonderado

1713,220767 1483,509082 865,950000 4066,429848
1711,123855 1475,709058 868,950000 4059,532913
1709,026936 1514,299909 864,525000 4078,282300
1709,974499 1476,901641 868,950000 4059,576139
1711,743132 1516,031179 862,275000 4086,731670
1707,095070 1487,561513 868,950000 4067,356583
1714,230588 1472,369027 868,950000 4059,299615
1705,254088 1518,114493 862,950000 4083,000940
1716,122119 1476,362404 866,625000 4062,859523
1717,131941 1465,222349 869,625000 4055,729290
1712,586227 1507,155542 865,200000 4075,372224
1708,231543 1477,557093 869,625000 4059,163636
1707,840793 1508,560943 868,200000 4075,032192
1712,113742 1476,498192 866,625000 4058,986934
1713,123564 1465,358137 869,625000 4051,856701
1710,837734 1476,555140 868,950000 4060,092874
1705,124810 1480,897125 869,625000 4059,396935
1705,988045 1480,550624 869,625000 4059,913669
1714,829725 1504,162011 865,200000 4074,622191
1707,734754 1516,166968 862,275000 4082,859082
1707,411847 1516,423093 865,950000 4086,467300
1711,722992 1507,502042 865,200000 4074,855490
1711,987090 1475,362557 868,950000 4060,049648
1710,977269 1486,502612 865,950000 4067,179881
1711,270434 1511,306378 864,525000 4077,532267
1708,360821 1514,774462 862,950000 4082,767642
1717,229144 1483,373293 865,950000 4070,302437
1710,114033 1486,849113 865,950000 4066,663147
1706,084249 1517,131113 867,975000 4087,872721
1705,491256 1519,160499 862,275000 4083,609114
1718,238966 1472,233238 868,950000 4063,172204
1704,305114 1519,763124 865,950000 4086,700598
1705,168349 1519,416624 865,950000 4087,217332
1705,317139 1510,290181 868,650000 4080,939679
1709,007009 1479,838224 866,625000 4059,220232
1708,867474 1469,890751 869,625000 4052,133225
1710,016830 1468,698169 869,625000 4052,089999
1708,789767 1513,253904 865,200000 4077,674126
1706,231835 1487,908014 868,950000 4066,839849
1708,704029 1508,214442 868,200000 4075,548926
1709,870244 1479,491723 866,625000 4059,736967
1704,628021 1519,506999 862,275000 4083,092380
1713,081232 1473,561609 868,950000 4059,342841
1708,163700 1514,646410 864,525000 4077,765565
1709,730709 1469,544250 869,625000 4052,649960
1711,974207 1466,550720 869,625000 4051,899927
