# VRP NSGA-III - Frente de Pareto
# Tempo: 472923 ms | Tamanho: 11
# Formato: Distancia Tempo Combustivel FitnessPonderado

1727,906793 1528,921576 873,075000 4133,653369
1728,059377 1509,398213 874,350000 4115,557590
1731,724560 1494,398213 878,025000 4107,897772
1724,640596 1521,807841 873,150000 4123,348437
1732,790865 1509,236093 875,700000 4121,476958
1737,605405 1493,043510 879,375000 4113,773915
1732,873916 1493,205630 878,025000 4107,854546
1729,455135 1505,615258 876,825000 4115,645393
1728,305779 1506,807841 876,825000 4115,688619
1734,458135 1494,941506 878,025000 4111,174641
1735,607491 1493,748924 878,025000 4111,131415
