# VRP NSGA-III - Frente de Pareto
# Tempo: 474373 ms | Tamanho: 27
# Formato: Distancia Tempo Combustivel FitnessPonderado

1736,245065 1554,558598 876,450000 4163,936022
1745,575043 1550,179192 877,650000 4170,086595
1737,081666 1554,976898 875,250000 4163,990924
1743,549469 1531,611015 885,075000 4150,665940
1745,447547 1514,553066 881,550000 4131,981068
1748,350828 1553,568246 877,425000 4176,026433
1734,802851 1554,913782 880,275000 4166,673992
1748,774685 1511,783800 886,875000 4137,863941
1736,942131 1545,029426 878,250000 4156,903916
1733,199468 1556,035799 878,250000 4164,167626
1738,685049 1553,854882 877,275000 4166,497290
1741,179355 1554,434082 875,250000 4167,545797
1740,531472 1543,133127 879,075000 4159,421958
1736,105530 1544,611125 879,450000 4156,849015
1748,268268 1530,970415 880,875000 4150,544139
1744,386070 1532,029315 883,875000 4150,720841
1739,382115 1544,325709 879,075000 4159,465184
1732,362867 1555,617499 879,450000 4164,112725
1738,545514 1543,907409 880,275000 4159,410283
1739,521650 1554,273182 876,075000 4166,552191
1744,629161 1542,590311 879,075000 4162,976831
1757,786658 1508,725811 885,750000 4142,692925
1743,619339 1553,730366 876,075000 4170,107065
1751,295422 1510,085403 883,950000 4135,761281
1735,639452 1555,332083 879,075000 4166,728894
1744,610946 1514,134765 882,750000 4131,926167
1756,950057 1508,307511 886,950000 4142,638024
