# VRP NSGA-III - Frente de Pareto
# Tempo: 477403 ms | Tamanho: 10
# Formato: Distancia Tempo Combustivel FitnessPonderado

1768,893284 1489,733972 892,125000 4154,502256
1749,785116 1494,078155 882,900000 4130,513271
1758,068751 1491,023843 887,925000 4140,767594
1748,948515 1493,659855 884,100000 4130,458370
1747,799159 1494,852437 884,100000 4130,501596
1768,056683 1489,315671 893,325000 4154,447354
1758,905352 1491,442143 886,725000 4140,822495
1760,054708 1490,249561 886,725000 4140,779269
1759,218107 1489,831260 887,925000 4140,724368
1748,635759 1495,270738 882,900000 4130,556497
