# VRP NSGA-III - Frente de Pareto
# Tempo: 482458 ms | Tamanho: 11
# Formato: Distancia Tempo Combustivel FitnessPonderado

1734,128376 1507,008586 874,725000 4119,611962
1741,902035 1520,020793 873,750000 4139,422829
1738,392425 1522,541591 872,925000 4137,609015
1736,801386 1504,069488 876,750000 4121,370875
1735,658849 1521,174803 873,525000 4134,108652
1740,371563 1505,854576 874,950000 4124,926139
1739,659620 1502,981064 877,875000 4124,265684
1733,291776 1506,590286 875,925000 4119,557061
1737,637987 1504,487789 875,550000 4121,425776
1738,823019 1502,562763 879,075000 4124,210783
1736,861952 1508,375374 874,125000 4123,112326
