# AEMMT - Frente de Pareto (tabela de nao-dominancia)
# Instancia: r107
# Tamanho: 9 solucoes nao-dominadas
# Formato: distancia<TAB>tempo<TAB>combustivel<TAB>num_veiculos

1398,525701	1326,084041	706,500000	13
1399,664652	1310,836410	704,775000	13
1397,564856	1324,299219	707,175000	13
1406,186511	1307,106718	706,200000	13
1400,526325	1308,750728	704,250000	13
1398,426529	1322,213537	706,650000	13
1398,661082	1310,690667	704,850000	13
1396,561286	1324,153475	707,250000	13
1397,522131	1325,938297	706,575000	13
