# AEMMT - Frente de Pareto (tabela de nao-dominancia)
# Instancia: r107
# Tamanho: 9 solucoes nao-dominadas
# Formato: distancia<TAB>tempo<TAB>combustivel<TAB>num_veiculos

1429,836509	1349,514121	717,975000	13
1425,647240	1350,204895	714,300000	13
1393,985423	1352,783661	698,325000	13
1393,436197	1354,165563	700,800000	13
1398,174692	1352,092887	702,000000	13
1393,712043	1360,160483	700,125000	13
1393,162818	1361,542385	702,600000	13
1421,386379	1351,323984	713,625000	13
1425,575648	1350,633210	717,300000	13
