Subpopulacao\Geracao	gFinal
NSGA3_DistanciaMin	1153,62
NSGA3_TempoMin	5234,15
NSGA3_CombustivelMin	581,02
NSGA3_DistanciaMedia	1187,12
NSGA3_TempoMedio	5308,91
NSGA3_CombustivelMedio	598,14
NSGA3_FitnessPonderadoMin	7074,39
NSGA3_FitnessPonderadoMedio	7096,67
NSGA3_TamanhoFrente	52
TempoExecucao(ms)	494568
Parametros	Pop=600; Geracoes=3000; Pc=1,00; Pm=0,01

=== DIAGNOSTICO ===
Solucoes criadas: 596
Total avaliacoes: 1788596
Solucoes unicas: 25012

=== HISTORICO DE EVOLUCAO ===
Eval	BestDist	BestTime	BestFuel
5000	1360,09	5453,28	686,17
10000	1325,98	5426,99	670,20
15000	1323,12	5415,14	666,60
20000	1311,71	5382,77	660,90
25000	1284,77	5371,38	646,88
30000	1279,44	5359,34	643,50
35000	1258,34	5352,26	634,28
40000	1253,39	5348,65	631,35
45000	1251,70	5346,20	629,10
50000	1250,57	5346,20	628,05
55000	1249,21	5345,53	627,30
60000	1247,48	5345,53	627,30
65000	1243,17	5343,51	625,80
70000	1243,17	5334,88	625,65
75000	1240,46	5333,73	622,95
80000	1239,22	5331,98	621,30
85000	1238,33	5331,98	621,30
90000	1237,09	5331,28	621,30
95000	1235,02	5331,28	620,47
100000	1231,06	5327,43	619,57
105000	1230,34	5326,81	618,60
110000	1230,34	5319,33	618,60
115000	1223,60	5318,08	614,25
120000	1221,33	5315,27	613,05
125000	1221,33	5310,54	613,05
130000	1218,20	5308,96	613,05
135000	1213,26	5306,24	611,85
140000	1213,24	5305,19	611,85
145000	1213,24	5304,12	611,85
150000	1212,31	5302,64	610,35
155000	1210,44	5302,54	610,35
160000	1210,44	5302,20	610,35
165000	1210,44	5301,99	610,35
170000	1210,44	5301,99	610,35
175000	1210,44	5301,99	610,35
180000	1210,44	5301,99	610,35
185000	1210,44	5301,86	610,35
190000	1210,44	5301,86	610,35
195000	1210,44	5301,86	610,35
200000	1210,44	5301,86	610,35
205000	1208,80	5301,86	609,07
210000	1208,80	5301,86	609,07
215000	1208,80	5301,86	607,50
220000	1208,11	5301,86	607,50
225000	1207,14	5301,86	607,50
230000	1207,14	5301,86	607,50
235000	1207,14	5301,86	607,50
240000	1207,14	5301,86	607,50
245000	1206,01	5301,56	607,28
250000	1206,01	5301,56	607,28
255000	1204,91	5300,62	604,20
260000	1203,73	5300,62	604,20
265000	1203,73	5300,62	604,20
270000	1203,19	5300,62	604,20
275000	1203,19	5300,62	604,20
280000	1200,32	5300,62	604,20
285000	1200,32	5298,15	604,20
290000	1200,32	5298,15	604,20
295000	1199,31	5297,06	604,20
300000	1195,91	5293,97	601,05
305000	1195,91	5288,59	601,05
310000	1195,91	5288,59	601,05
315000	1195,91	5287,51	601,05
320000	1195,91	5287,08	601,05
325000	1195,91	5287,08	601,05
330000	1195,91	5287,08	601,05
335000	1195,91	5287,08	601,05
340000	1195,91	5287,08	601,05
345000	1195,91	5287,08	601,05
350000	1195,91	5267,72	601,05
355000	1195,91	5267,72	601,05
360000	1195,91	5267,72	601,05
365000	1195,91	5266,91	601,05
370000	1195,82	5260,92	601,05
375000	1195,82	5260,92	601,05
380000	1195,82	5260,92	601,05
385000	1195,82	5260,92	601,05
390000	1195,82	5259,16	601,05
395000	1195,82	5259,16	601,05
400000	1195,82	5259,16	601,05
405000	1195,50	5257,03	601,05
410000	1195,50	5255,06	601,05
415000	1195,50	5255,06	601,05
420000	1195,50	5245,60	601,05
425000	1195,50	5240,83	601,05
430000	1195,50	5240,83	601,05
435000	1195,50	5238,65	601,05
440000	1195,50	5238,65	601,05
445000	1195,50	5238,65	601,05
450000	1194,76	5238,65	601,05
455000	1194,76	5238,59	601,05
460000	1194,76	5238,59	601,05
465000	1194,76	5238,59	601,05
470000	1194,76	5238,56	601,05
475000	1194,76	5237,21	601,05
480000	1194,76	5237,21	601,05
485000	1194,76	5237,21	601,05
490000	1194,76	5237,21	601,05
495000	1194,76	5237,21	601,05
500000	1194,76	5237,21	601,05
505000	1194,76	5237,21	601,05
510000	1194,76	5237,21	601,05
515000	1194,76	5237,21	601,05
520000	1194,64	5237,21	601,05
525000	1194,64	5237,21	601,05
530000	1194,64	5237,21	601,05
535000	1194,64	5237,21	601,05
540000	1194,64	5237,21	601,05
545000	1194,64	5237,21	601,05
550000	1194,64	5237,21	601,05
555000	1194,64	5237,21	601,05
560000	1194,64	5237,21	601,05
565000	1180,55	5237,21	594,52
570000	1180,55	5237,21	594,52
575000	1180,55	5237,21	594,52
580000	1180,55	5237,21	594,52
585000	1180,55	5237,21	594,52
590000	1179,35	5236,60	592,80
595000	1179,35	5236,60	592,80
600000	1178,37	5236,49	592,80
605000	1176,77	5235,90	592,80
610000	1176,77	5235,90	592,80
615000	1175,56	5235,90	592,80
620000	1175,56	5235,88	592,80
625000	1175,56	5235,88	592,80
630000	1175,56	5235,88	592,80
635000	1175,54	5235,88	592,80
640000	1175,54	5235,88	592,80
645000	1175,54	5235,88	592,80
650000	1175,54	5235,88	592,80
655000	1174,32	5235,88	592,80
660000	1174,32	5235,88	592,80
665000	1174,32	5235,88	592,80
670000	1174,32	5235,88	592,80
675000	1174,32	5235,38	592,80
680000	1174,32	5234,08	592,80
685000	1174,32	5234,08	592,80
690000	1174,32	5234,08	592,80
695000	1173,52	5234,08	592,80
700000	1173,52	5234,08	592,80
705000	1173,52	5234,08	592,65
710000	1173,52	5234,08	592,65
715000	1173,52	5234,08	592,65
720000	1173,52	5234,08	592,65
725000	1173,52	5234,08	592,65
730000	1173,52	5234,08	592,20
735000	1173,52	5234,08	592,20
740000	1173,52	5234,08	592,20
745000	1173,52	5234,08	592,20
750000	1173,48	5234,08	589,87
755000	1173,48	5234,08	589,87
760000	1173,48	5234,08	589,72
765000	1173,48	5234,08	589,72
770000	1171,90	5234,08	589,72
775000	1171,90	5234,08	589,72
780000	1171,90	5234,08	589,72
785000	1169,38	5234,08	589,72
790000	1169,38	5234,08	589,72
795000	1169,38	5234,08	589,72
800000	1169,04	5234,08	589,72
805000	1168,41	5234,08	589,72
810000	1168,41	5234,08	589,72
815000	1167,47	5234,08	589,20
820000	1167,47	5234,08	589,20
825000	1167,47	5234,08	589,20
830000	1167,47	5234,08	589,20
835000	1167,47	5234,08	589,20
840000	1167,47	5234,08	589,20
845000	1167,47	5234,08	588,67
850000	1167,47	5234,08	588,67
855000	1167,47	5234,08	588,67
860000	1167,21	5234,08	588,67
865000	1161,81	5234,08	588,67
870000	1161,81	5234,08	588,67
875000	1159,20	5234,08	586,95
880000	1159,20	5234,08	586,95
885000	1159,20	5234,08	586,95
890000	1159,20	5234,08	586,95
895000	1159,20	5234,08	586,95
900000	1159,20	5234,08	586,27
905000	1159,20	5234,08	586,27
910000	1159,20	5233,20	586,27
915000	1159,20	5233,20	586,27
920000	1159,20	5233,20	586,12
925000	1159,20	5233,20	586,12
930000	1159,20	5233,20	585,97
935000	1159,20	5233,20	585,97
940000	1159,20	5233,20	585,97
945000	1159,20	5233,20	585,97
950000	1159,20	5233,20	585,97
955000	1159,20	5233,20	585,97
960000	1158,08	5233,20	585,97
965000	1158,08	5233,20	585,97
970000	1158,08	5233,20	585,90
975000	1158,08	5233,20	585,90
980000	1158,08	5233,20	585,90
985000	1158,08	5233,20	585,90
990000	1158,08	5233,20	585,90
995000	1156,82	5233,20	585,90
1000000	1156,82	5233,20	585,90
1005000	1156,06	5233,20	585,75
1010000	1156,06	5233,20	585,75
1015000	1156,06	5233,20	585,75
1020000	1156,06	5233,20	585,75
1025000	1153,86	5233,20	585,75
1030000	1153,86	5233,20	584,10
1035000	1153,86	5233,20	584,10
1040000	1153,86	5233,20	584,10
1045000	1153,86	5233,20	584,10
1050000	1153,86	5233,20	584,10
1055000	1153,86	5233,20	584,10
1060000	1153,86	5233,20	584,10
1065000	1153,86	5233,20	584,10
1070000	1153,86	5233,20	583,95
1075000	1153,86	5233,20	583,65
1080000	1153,86	5233,20	583,65
1085000	1153,86	5233,20	583,65
1090000	1153,86	5233,20	583,50
1095000	1153,86	5233,20	583,05
1100000	1153,86	5233,04	582,22
1105000	1153,86	5233,04	582,22
1110000	1153,86	5233,04	582,22
1115000	1153,86	5233,04	582,22
1120000	1153,86	5233,04	581,02
1125000	1153,86	5233,04	581,02
1130000	1153,86	5233,04	581,02
1135000	1153,86	5233,04	581,02
1140000	1153,86	5233,04	581,02
1145000	1153,86	5233,04	581,02
1150000	1153,86	5233,04	581,02
1155000	1153,86	5233,04	581,02
1160000	1153,86	5233,04	581,02
1165000	1153,86	5233,04	581,02
1170000	1153,86	5233,04	581,02
1175000	1153,86	5233,04	581,02
1180000	1153,86	5233,04	581,02
1185000	1153,86	5233,04	581,02
1190000	1153,86	5233,04	581,02
1195000	1153,86	5233,04	581,02
1200000	1153,86	5233,04	581,02
1205000	1153,86	5233,04	581,02
1210000	1153,62	5233,04	581,02
1215000	1153,62	5233,04	581,02
1220000	1153,62	5233,04	581,02
1225000	1153,62	5233,04	581,02
1230000	1153,62	5233,04	581,02
1235000	1153,62	5233,04	581,02
1240000	1153,62	5233,04	581,02
1245000	1153,62	5233,04	581,02
1250000	1153,62	5233,04	581,02
1255000	1153,62	5233,04	581,02
1260000	1153,62	5233,04	581,02
1265000	1153,62	5233,04	581,02
1270000	1153,62	5233,04	581,02
1275000	1153,62	5233,04	581,02
1280000	1153,62	5233,04	581,02
1285000	1153,62	5233,04	581,02
1290000	1153,62	5233,04	581,02
1295000	1153,62	5233,04	581,02
1300000	1153,62	5233,04	581,02
1305000	1153,62	5233,04	581,02
1310000	1153,62	5233,04	581,02
1315000	1153,62	5233,04	581,02
1320000	1153,62	5233,04	581,02
1325000	1153,62	5233,04	581,02
1330000	1153,62	5233,04	581,02
1335000	1153,62	5233,04	581,02
1340000	1153,62	5233,04	581,02
1345000	1153,62	5233,04	581,02
1350000	1153,62	5233,04	581,02
1355000	1153,62	5233,04	581,02
1360000	1153,62	5233,04	581,02
1365000	1153,62	5233,04	581,02
1370000	1153,62	5233,04	581,02
1375000	1153,62	5233,04	581,02
1380000	1153,62	5233,04	581,02
1385000	1153,62	5233,04	581,02
1390000	1153,62	5233,04	581,02
1395000	1153,62	5233,04	581,02
1400000	1153,62	5233,04	581,02
1405000	1153,62	5233,04	581,02
1410000	1153,62	5233,04	581,02
1415000	1153,62	5233,04	581,02
1420000	1153,62	5233,04	581,02
1425000	1153,62	5233,04	581,02
1430000	1153,62	5233,04	581,02
1435000	1153,62	5233,04	581,02
1440000	1153,62	5233,04	581,02
1445000	1153,62	5233,04	581,02
1450000	1153,62	5233,04	581,02
1455000	1153,62	5233,04	581,02
1460000	1153,62	5233,04	581,02
1465000	1153,62	5233,04	581,02
1470000	1153,62	5233,04	581,02
1475000	1153,62	5233,04	581,02
1480000	1153,62	5233,04	581,02
1485000	1153,62	5233,04	581,02
1490000	1153,62	5233,04	581,02
1495000	1153,62	5233,04	581,02
1500000	1153,62	5233,04	581,02
1505000	1153,62	5233,04	581,02
1510000	1153,62	5233,04	581,02
1515000	1153,62	5233,04	581,02
1520000	1153,62	5233,04	581,02
1525000	1153,62	5233,04	581,02
1530000	1153,62	5233,04	581,02
1535000	1153,62	5233,04	581,02
1540000	1153,62	5233,04	581,02
1545000	1153,62	5233,04	581,02
1550000	1153,62	5233,04	581,02
1555000	1153,62	5233,04	581,02
1560000	1153,62	5233,04	581,02
1565000	1153,62	5233,04	581,02
1570000	1153,62	5233,04	581,02
1575000	1153,62	5233,04	581,02
1580000	1153,62	5233,04	581,02
1585000	1153,62	5233,04	581,02
1590000	1153,62	5233,04	581,02
1595000	1153,62	5233,04	581,02
1600000	1153,62	5233,04	581,02
1605000	1153,62	5233,04	581,02
1610000	1153,62	5233,04	581,02
1615000	1153,62	5233,04	581,02
1620000	1153,62	5233,04	581,02
1625000	1153,62	5233,04	581,02
1630000	1153,62	5233,04	581,02
1635000	1153,62	5233,04	581,02
1640000	1153,62	5233,04	581,02
1645000	1153,62	5233,04	581,02
1650000	1153,62	5233,04	581,02
1655000	1153,62	5233,04	581,02
1660000	1153,62	5233,04	581,02
1665000	1153,62	5233,04	581,02
1670000	1153,62	5233,04	581,02
1675000	1153,62	5233,04	581,02
1680000	1153,62	5233,04	581,02
1685000	1153,62	5233,04	581,02
1690000	1153,62	5233,04	581,02
1695000	1153,62	5233,04	581,02
1700000	1153,62	5233,04	581,02
1705000	1153,62	5233,04	581,02
1710000	1153,62	5233,04	581,02
1715000	1153,62	5233,04	581,02
1720000	1153,62	5233,04	581,02
1725000	1153,62	5233,04	581,02
1730000	1153,62	5233,04	581,02
1735000	1153,62	5233,04	581,02
1740000	1153,62	5233,04	581,02
1745000	1153,62	5233,04	581,02
1750000	1153,62	5233,04	581,02
1755000	1153,62	5233,04	581,02
1760000	1153,62	5233,04	581,02
1765000	1153,62	5233,04	581,02
1770000	1153,62	5233,04	581,02
1775000	1153,62	5233,04	581,02
1780000	1153,62	5233,04	581,02
1785000	1153,62	5233,04	581,02

=== MELHOR SOLUCAO (Fitness Ponderado Minimo) ===
Fitness Ponderado: 7074,392083
Distancia: 1176,71
Tempo: 5304,11
Combustivel: 591,07

Veiculo 0: 12 clientes, demanda: 190/200, rota: [13, 17, 8, 10, 11, 9, 7, 4, 6, 3, 5, 75]
Veiculo 1: 12 clientes, demanda: 180/200, rota: [52, 49, 46, 40, 64, 61, 72, 68, 66, 69, 63, 65]
Veiculo 2: 12 clientes, demanda: 200/200, rota: [81, 78, 76, 73, 82, 83, 86, 85, 88, 89, 91, 1]
Veiculo 3: 11 clientes, demanda: 200/200, rota: [67, 87, 90, 94, 84, 98, 96, 99, 97, 95, 2]
Veiculo 4: 8 clientes, demanda: 200/200, rota: [57, 55, 54, 53, 56, 58, 60, 59]
Veiculo 5: 9 clientes, demanda: 200/200, rota: [20, 25, 93, 92, 100, 28, 26, 22, 21]
Veiculo 6: 11 clientes, demanda: 190/200, rota: [12, 14, 16, 15, 19, 18, 23, 30, 29, 27, 24]
Veiculo 7: 9 clientes, demanda: 170/200, rota: [47, 41, 62, 74, 80, 77, 79, 70, 71]
Veiculo 8: 9 clientes, demanda: 200/200, rota: [32, 33, 31, 35, 37, 38, 39, 36, 34]
Veiculo 9: 7 clientes, demanda: 80/200, rota: [50, 51, 48, 45, 44, 42, 43]
