# VRP NSGA-III - Frente de Pareto
# Tempo: 492399 ms | Tamanho: 23
# Formato: Distancia Tempo Combustivel FitnessPonderado

1198,610859 5313,873512 603,075000 7118,059371
1232,994108 5302,686188 618,150000 7156,330296
1266,102511 5300,517495 638,100000 7207,220005
1262,763521 5301,981961 638,325000 7205,570482
1217,695295 5304,144275 615,225000 7139,564570
1201,614122 5312,241183 606,000000 7122,355305
1268,297938 5302,333783 636,450000 7209,581722
1196,312759 5314,590502 602,925000 7116,328261
1226,022499 5302,951692 621,000000 7152,474191
1218,031021 5304,312138 612,075000 7136,918159
1265,766784 5300,349632 641,250000 7209,866416
1218,457772 5303,994856 612,075000 7137,027628
1210,703803 5310,899182 611,325000 7135,427985
1214,692032 5305,776604 612,300000 7135,268636
1202,376599 5312,091764 605,550000 7122,518363
1213,460450 5306,219435 609,600000 7131,779885
1212,393932 5306,493593 609,225000 7130,612525
1226,358225 5303,119555 617,850000 7149,827781
1230,897770 5302,686188 621,300000 7157,383958
1201,949849 5312,409046 605,550000 7122,408895
1210,277053 5311,216464 611,325000 7135,318517
1197,379277 5314,316343 602,925000 7117,120620
1209,941326 5311,048601 611,775000 7135,264927
