# VRP NSGA-III - Frente de Pareto
# Tempo: 492938 ms | Tamanho: 41
# Formato: Distancia Tempo Combustivel FitnessPonderado

1186,820392 5389,175023 598,500000 7176,995414
1195,036862 5359,339770 603,450000 7160,326632
1186,395564 5423,593448 596,475000 7208,964012
1205,054195 5353,741599 607,125000 7168,420794
1191,271122 5361,121518 600,975000 7155,867640
1184,522292 5389,892012 598,350000 7175,264304
1183,392300 5425,225777 593,550000 7204,668078
1185,795130 5425,109692 593,550000 7206,954822
1204,777046 5315,503114 609,675000 7132,455160
1203,971401 5357,944037 607,650000 7172,065439
1185,588810 5389,617853 598,350000 7176,056663
1205,707334 5315,968258 607,200000 7131,375592
1178,606777 5471,235873 592,200000 7244,542650
1208,237424 5313,776456 609,825000 7134,338880
1179,673295 5470,961714 592,200000 7245,335009
1198,626143 5361,112589 601,575000 7163,813732
1181,094201 5425,942766 593,400000 7202,936967
1188,973022 5361,838507 600,825000 7154,136530
1226,487645 5304,262156 620,025000 7153,274801
1221,788507 5307,871349 613,500000 7145,659856
1189,560870 5423,327944 596,025000 7211,413814
1200,963954 5358,616876 606,525000 7168,605830
1202,391883 5359,330841 604,050000 7168,272724
1209,167712 5314,241599 607,350000 7133,259311
1204,307127 5358,111901 607,200000 7172,119028
1222,950785 5306,861680 613,500000 7145,812465
1182,160719 5425,668608 593,400000 7203,729327
1210,105178 5313,267039 608,775000 7134,647217
1184,563548 5425,552523 593,400000 7206,016071
1224,318597 5305,679547 619,050000 7151,548144
1186,731290 5423,761311 596,025000 7209,017601
1217,530279 5313,151707 616,875000 7150,056986
1206,869612 5314,958589 607,200000 7131,528201
1194,610112 5359,657052 603,450000 7160,217164
1180,904877 5470,518884 592,350000 7246,273761
1228,587875 5304,680225 616,350000 7152,118099
1228,084337 5303,897799 618,825000 7153,307136
1220,858219 5307,406205 615,975000 7146,739424
1187,158041 5423,444029 596,025000 7209,127070
1207,005843 5314,219286 609,675000 7133,400129
1222,020497 5306,396536 615,975000 7146,892034
