# VRP NSGA-III - Frente de Pareto
# Tempo: 491535 ms | Tamanho: 54
# Formato: Distancia Tempo Combustivel FitnessPonderado

1262,743592 5241,472029 637,275000 7143,990622
1149,685193 5339,074511 575,700000 7066,959704
1146,886231 5308,631991 576,825000 7034,843222
1161,530093 5290,588317 584,100000 7038,718411
1157,629776 5294,651301 583,275000 7038,056078
1148,255834 5298,827554 578,925000 7028,508388
1145,769134 5307,598082 579,225000 7035,092215
1145,795368 5348,022195 574,125000 7070,442563
1149,372931 5299,861463 576,525000 7028,259395
1164,488082 5290,951298 581,550000 7039,489380
1158,995511 5293,242670 578,250000 7032,988181
1176,978892 5283,736836 590,025000 7053,240728
1166,685745 5290,633630 583,425000 7043,244375
1153,881834 5295,761836 579,225000 7031,368670
1173,925930 5283,990237 592,500000 7052,916166
1178,059458 5282,385258 592,425000 7055,369716
1260,066255 5246,278516 631,950000 7140,794771
1166,635166 5289,325562 585,075000 7043,535728
1153,222355 5296,924100 575,775000 7028,421455
1268,507062 5237,639252 635,850000 7144,496315
1154,339453 5297,958009 575,250000 7030,047462
1228,971804 5281,761213 615,975000 7129,208018
1165,669085 5289,200399 588,150000 7045,519483
1155,109555 5293,794547 583,800000 7035,204102
1171,205737 5287,418265 588,075000 7049,199002
1152,141790 5298,275677 573,375000 7026,292467
1170,125172 5288,769843 585,675000 7047,070014
1157,878414 5292,208760 580,650000 7033,237174
1260,541228 5243,056366 631,800000 7137,897594
1167,866747 5288,882731 588,150000 7047,399479
1161,193174 5292,925003 580,125000 7036,743176
1233,512763 5277,198508 622,200000 7135,411271
1150,776055 5299,684308 578,400000 7031,360363
1150,391548 5337,336191 573,375000 7063,602739
1238,279655 5274,780486 627,975000 7143,535141
1154,676373 5295,621324 579,225000 7032,022697
1272,228231 5237,265215 642,525000 7154,518446
1164,437503 5289,643229 585,075000 7041,655732
1171,291224 5284,610223 589,425000 7047,826446
1160,735555 5290,728829 584,100000 7038,064384
1144,678271 5346,988285 576,525000 7070,691556
1160,076076 5291,891093 580,650000 7035,117169
1172,522805 5284,167392 592,500000 7051,690198
1157,628013 5294,265157 583,650000 7038,043171
1260,504745 5241,564099 634,125000 7138,693843
1228,671882 5281,799906 615,975000 7128,946788
1171,341803 5285,918291 585,900000 7045,660094
1167,072209 5289,023243 588,150000 7046,745452
1151,024693 5297,241767 575,775000 7026,541460
1165,568648 5289,599720 583,950000 7041,618368
1147,966797 5307,280414 580,425000 7038,172211
1232,058746 5278,501284 619,500000 7132,560030
1177,264920 5282,525771 592,425000 7054,715690
1173,539466 5285,600623 587,775000 7049,415089
