# VRP NSGA-III - Frente de Pareto
# Tempo: 503455 ms | Tamanho: 46
# Formato: Distancia Tempo Combustivel FitnessPonderado

1172,788140 5291,355114 595,500000 7062,143254
1174,019082 5293,589142 588,525000 7058,633224
1162,594789 5300,529446 582,975000 7048,599235
1167,165361 5298,622149 584,175000 7052,462510
1155,094818 5302,126241 580,275000 7039,996059
1151,792493 5303,986482 581,625000 7039,903975
1150,970945 5304,421472 582,750000 7040,642417
1151,754556 5302,844538 582,825000 7039,924094
1149,471407 5305,970248 578,250000 7036,191655
1143,150593 5346,938058 577,950000 7070,538652
1166,061546 5295,077505 585,975000 7049,614050
1171,721622 5291,629273 591,300000 7057,150894
1192,272513 5284,933313 598,500000 7078,205826
1146,960317 5307,326276 575,925000 7032,711593
1165,891002 5297,230818 589,275000 7054,896820
1193,475267 5284,595832 603,750000 7084,321099
1170,178666 5294,020746 591,225000 7057,924412
1145,337973 5307,190419 577,950000 7032,978392
1148,241097 5307,159248 575,925000 7033,825345
1173,981785 5289,770339 594,525000 7060,777124
1148,026835 5307,052118 578,625000 7036,203953
1143,834317 5308,151703 577,950000 7032,436021
1162,795795 5298,526075 586,425000 7050,246870
1165,093894 5297,809086 586,425000 7051,827980
1152,597407 5305,144821 578,925000 7039,167228
1152,191694 5302,157412 582,825000 7039,674106
1146,276593 5346,938058 575,925000 7071,639652
1178,552356 5287,863043 594,450000 7063,365399
1150,688038 5303,118696 582,825000 7039,131735
1142,084076 5347,212217 575,250000 7067,046292
1175,213366 5289,327509 591,375000 7058,415875
1148,463973 5306,364992 578,625000 7035,953965
1163,727567 5299,816738 584,100000 7050,144305
1144,900835 5307,877545 577,950000 7033,228380
1171,698635 5292,896049 590,100000 7057,194685
1165,608095 5295,928043 589,350000 7053,386138
1191,040931 5285,376143 601,650000 7080,567075
1159,451128 5300,111814 583,275000 7045,337942
1156,325128 5300,937241 583,125000 7042,887369
1154,880556 5302,019111 582,975000 7042,374667
1190,554318 5287,100190 604,800000 7084,954507
1145,210075 5347,212217 574,275000 7069,197292
1167,128064 5294,803346 590,175000 7054,606410
1168,359645 5294,360515 587,025000 7052,245161
1153,814038 5302,293269 580,275000 7038,882308
1163,324945 5299,053753 586,350000 7051,228698
