# VRP NSGA-III - Frente de Pareto
# Tempo: 495579 ms | Tamanho: 42
# Formato: Distancia Tempo Combustivel FitnessPonderado

1222,503269 5296,097317 610,350000 7131,450586
1132,549536 5392,692418 569,025000 7096,766954
1130,799294 5431,752931 569,025000 7134,077225
1202,418359 5306,581959 601,200000 7112,700317
1164,789183 5335,397407 585,900000 7088,586591
1135,675536 5391,866991 569,700000 7099,742526
1202,359261 5306,634184 604,350000 7115,843445
1206,422096 5304,194225 603,825000 7116,941322
1137,129553 5390,564215 573,150000 7103,343768
1147,537665 5343,457202 577,050000 7070,544868
1169,012059 5332,508845 590,025000 7094,045904
1140,127347 5385,965948 573,375000 7101,968295
1167,558042 5333,811621 586,950000 7090,819663
1145,962451 5343,458214 581,400000 7073,320665
1136,634398 5389,245197 577,050000 7105,429595
1149,014217 5343,175203 578,175000 7072,864420
1139,108730 5348,491221 576,525000 7066,624951
1218,440434 5298,537275 610,650000 7130,127709
1150,185327 5340,569652 581,700000 7074,954979
1242,907976 5294,886772 627,075000 7167,369748
1218,499531 5298,485050 607,875000 7127,359582
1157,935462 5340,430414 581,550000 7082,415877
1187,408895 5332,041969 598,725000 7120,675863
1146,457606 5344,777232 577,500000 7071,234838
1145,003589 5346,080007 574,050000 7067,633596
1211,866375 5303,355167 611,325000 7129,046542
1134,003553 5391,389642 572,475000 7100,368195
1141,877589 5346,905434 573,375000 7064,658024
1143,331606 5345,602659 576,825000 7068,259265
1160,704321 5338,844628 582,600000 7084,648949
1144,768806 5345,042989 580,200000 7072,511795
1151,857310 5341,047001 578,400000 7073,804311
1129,780677 5394,278204 572,175000 7098,733881
1136,383998 5391,301594 575,850000 7106,035592
1153,311327 5339,744225 581,850000 7077,405552
1242,572249 5294,718909 630,225000 7170,016158
1208,423101 5304,135446 606,975000 7122,033547
1204,657361 5305,917194 604,500000 7117,574555
1148,731310 5341,872428 578,250000 7071,353738
1202,656356 5305,975974 601,350000 7112,482330
1227,947548 5295,258259 617,850000 7143,555807
1162,158338 5337,541852 585,675000 7087,875190
