# VRP NSGA-III - Frente de Pareto
# Tempo: 490362 ms | Tamanho: 51
# Formato: Distancia Tempo Combustivel FitnessPonderado

1143,270307 5291,155704 576,150000 7013,076011
1144,752820 5294,756488 573,975000 7015,984308
1138,595505 5299,598363 571,800000 7012,493868
1141,659117 5292,922803 576,150000 7013,231920
1141,278661 5297,130383 572,775000 7013,684044
1171,369767 5285,823281 589,050000 7048,743048
1139,989954 5299,236966 570,600000 7012,326920
1126,301734 5332,211952 567,450000 7028,463686
1141,875858 5291,517101 577,350000 7013,242959
1139,817527 5296,188711 575,475000 7013,981239
1173,449478 5283,810783 588,750000 7048,510261
1121,215707 5344,741650 564,975000 7033,432357
1146,342630 5290,330277 580,350000 7019,522907
1142,069665 5297,224468 570,300000 7012,094132
1141,680497 5295,581915 573,975000 7013,737412
1137,940381 5305,386166 570,600000 7016,426547
1122,962744 5333,676419 564,750000 7023,889163
1146,811150 5290,084878 577,350000 7016,746029
1138,206338 5297,955810 575,475000 7014,137148
1145,133276 5290,548908 574,650000 7012,832184
1148,472266 5289,084442 578,100000 7018,156708
1122,183916 5334,614681 563,100000 7022,398597
1139,600786 5297,594413 574,275000 7013,970200
1176,319947 5282,591716 592,125000 7053,536663
1138,812246 5298,192661 573,000000 7012,504907
1136,895062 5304,474159 575,325000 7019,194221
1140,206695 5297,831264 571,800000 7012,337959
1144,948181 5290,691674 578,850000 7016,989855
1151,544589 5288,259015 582,300000 7024,603604
1149,681620 5288,865811 583,800000 7024,847431
1124,151940 5334,007885 562,800000 7023,459825
1140,286048 5295,943312 575,175000 7013,904360
1172,764216 5285,461884 587,850000 7048,576100
1143,358371 5295,117885 572,475000 7013,451256
1138,423079 5296,550108 576,675000 7014,148187
1174,843927 5283,449386 587,550000 7048,343313
1148,205599 5289,723481 578,850000 7019,279081
1142,889851 5295,363284 575,475000 7016,228135
1136,545933 5305,747563 571,800000 7016,593495
1143,053566 5292,561406 574,950000 7013,064972
1126,084993 5333,617654 566,250000 7028,452647
1136,156765 5304,105010 575,475000 7018,236775
1142,233699 5296,093830 573,825000 7014,652529
1139,161376 5296,919257 576,525000 7015,105633
1172,980957 5284,056182 589,050000 7048,587139
1146,609296 5289,691238 579,600000 7018,400535
1142,016958 5297,499532 572,625000 7014,641490
1143,738827 5290,910305 575,850000 7012,999133
1141,495402 5295,724681 573,975000 7013,695083
1171,586508 5284,417579 590,250000 7048,754087
1137,551214 5303,743613 574,275000 7018,069827
