# VRP NSGA-III - Frente de Pareto
# Tempo: 489543 ms | Tamanho: 40
# Formato: Distancia Tempo Combustivel FitnessPonderado

1130,374791 5334,742065 570,000000 7037,616855
1153,267698 5247,778211 582,000000 6985,545908
1125,215646 5335,398121 565,650000 7028,763766
1156,916091 5246,274785 582,900000 6988,590876
1126,247392 5334,769910 568,800000 7032,317303
1156,693215 5247,069041 580,200000 6986,462256
1143,808286 5331,975677 581,175000 7059,458962
1168,228685 5245,554331 590,250000 7006,533016
1119,078087 5337,809334 565,125000 7024,512422
1120,077303 5337,232468 568,275000 7028,084771
1143,245574 5333,676488 573,825000 7053,247062
1156,360130 5246,274785 584,700000 6989,834915
1148,778688 5251,180617 582,000000 6984,459306
1170,095821 5245,143231 594,900000 7012,639052
1121,813442 5336,983907 566,100000 7027,397349
1148,483715 5331,493053 581,175000 7063,651768
1119,514591 5338,933280 562,425000 7023,372870
1142,809071 5332,552542 578,025000 7055,886613
1190,101778 5239,516945 601,350000 7033,468723
1122,249945 5338,107853 564,450000 7027,307798
1147,633881 5331,771948 578,025000 7059,930829
1148,555813 5251,974873 579,300000 6982,330686
1186,676260 5240,226115 603,150000 7032,552375
1123,479506 5335,646682 568,575000 7030,201188
1145,284197 5332,237348 578,025000 7058,046545
1149,111773 5256,999282 578,700000 6987,311055
1146,283412 5331,660482 581,175000 7061,618894
1178,010347 5241,031655 591,600000 7013,142002
1168,784645 5245,554331 588,450000 7005,288976
1153,823658 5247,778211 581,400000 6985,501869
1126,214861 5334,821255 568,800000 7032,336116
1153,490573 5246,983955 584,700000 6987,674528
1165,915089 5246,263501 589,650000 7004,328589
1174,807706 5240,946569 597,600000 7015,854274
1147,405504 5333,597298 576,975000 7060,477802
1165,359128 5246,263501 590,250000 7004,372629
1175,140791 5241,740825 592,800000 7012,181615
1178,233223 5240,237399 595,800000 7016,770622
1156,137254 5247,069041 582,000000 6987,706295
1177,454387 5241,031655 593,400000 7014,386042
