# VRP NSGA-III - Frente de Pareto
# Tempo: 507250 ms | Tamanho: 44
# Formato: Distancia Tempo Combustivel FitnessPonderado

1155,915500 5286,442353 581,700000 7026,557852
1132,070377 5323,910920 566,625000 7025,106297
1134,524226 5292,254727 572,400000 7001,678953
1132,833506 5295,794065 573,150000 7004,277571
1169,142313 5281,327176 591,750000 7044,719489
1136,591889 5294,470559 569,775000 7003,337448
1153,611284 5288,643194 581,850000 7026,604478
1129,174160 5296,326450 567,525000 6995,525610
1135,932166 5293,837519 570,300000 7002,569685
1176,094674 5281,517437 590,325000 7050,437111
1143,445609 5289,437553 574,650000 7010,033162
1135,590744 5291,980569 572,400000 7002,471313
1154,949269 5287,237507 579,750000 7024,436776
1129,328846 5296,814129 567,300000 6995,942974
1128,731387 5325,375387 566,325000 7022,931774
1140,161315 5290,073272 572,700000 7005,434587
1136,027881 5291,293443 572,400000 7002,221325
1133,307595 5295,106279 567,825000 6998,738873
1144,499901 5289,202038 577,800000 7014,001938
1137,686222 5290,819838 574,350000 7005,356059
1137,463346 5291,614094 571,650000 7003,227440
1139,687227 5290,761058 577,500000 7010,448285
1151,610279 5288,701973 578,700000 7021,512252
1161,552589 5284,260897 582,750000 7031,063487
1163,803995 5282,145721 587,250000 7035,699716
1133,252899 5295,935026 569,475000 7001,162924
1130,609625 5296,647101 567,300000 6997,056726
1146,917046 5289,386208 575,850000 7014,653254
1126,433288 5326,092376 566,325000 7021,350663
1127,670505 5297,287734 567,525000 6994,983239
1134,965935 5294,632673 570,300000 7002,398608
1158,213599 5285,725363 581,700000 7028,138963
1130,832501 5295,852845 570,000000 6999,185345
1158,464000 5283,668966 583,050000 7027,682966
1156,165900 5284,385956 583,050000 7026,101856
1160,465005 5283,610187 586,200000 7032,775192
1128,737023 5297,013575 567,525000 6995,775599
1145,103950 5288,963947 576,600000 7013,167897
1136,182566 5291,781122 571,650000 7002,113688
1137,212945 5293,670491 570,300000 7003,683436
1128,091628 5325,618770 566,100000 7022,310398
1157,232418 5284,111797 583,050000 7026,894215
1161,802990 5282,204500 584,100000 7030,607490
1141,819656 5289,599667 574,650000 7008,569322
