# VRP NSGA-III - Frente de Pareto
# Tempo: 494568 ms | Tamanho: 52
# Formato: Distancia Tempo Combustivel FitnessPonderado

1173,944393 5342,315652 587,325000 7106,085044
1168,058886 5347,283375 585,900000 7103,742261
1174,755989 5305,579844 595,125000 7077,960832
1175,702306 5305,622971 592,650000 7076,475277
1241,591451 5234,150216 625,575000 7103,816667
1159,761418 5348,231517 588,375000 7098,867934
1157,863220 5350,412560 581,025000 7091,800780
1184,535124 5299,836572 596,250000 7083,121695
1219,353540 5286,745863 614,775000 7123,374403
1160,229395 5349,097563 586,425000 7098,251958
1156,860660 5349,485067 585,750000 7094,595727
1188,539062 5298,199925 601,275000 7090,513986
1198,074187 5292,325450 601,350000 7094,249636
1181,993014 5300,422358 594,825000 7079,740372
1153,979153 5351,168598 581,850000 7089,497751
1169,697416 5342,062021 592,050000 7106,309436
1172,941833 5341,388158 592,050000 7108,879991
1176,707360 5304,109723 591,075000 7074,392083
1194,602902 5295,701187 604,125000 7096,929089
1184,956825 5299,557270 595,125000 7082,139095
1172,457889 5306,296833 594,975000 7076,229722
1178,654024 5301,886824 592,350000 7075,390848
1160,124328 5349,241185 584,475000 7096,340514
1205,470491 5291,571800 605,775000 7105,317291
1223,132982 5285,709579 616,875000 7128,217561
1153,616243 5350,158929 585,750000 7092,025172
1195,086632 5295,295826 600,450000 7093,332458
1237,812009 5235,186500 622,575000 7098,073509
1163,204691 5347,451238 585,600000 7098,755929
1176,205501 5341,144277 591,000000 7110,849778
1193,840425 5295,850606 607,275000 7099,466031
1203,836466 5291,460362 610,275000 7108,071828
1233,077923 5238,726735 627,150000 7101,454657
1197,738460 5292,157586 604,500000 7096,896047
1162,670108 5347,389791 588,825000 7101,384899
1170,060326 5343,071690 588,150000 7103,782016
1232,024025 5239,037676 620,325000 7093,886701
1157,059516 5349,378651 582,975000 7091,913167
1192,788533 5296,012815 597,375000 7088,676348
1180,467143 5340,577027 590,175000 7113,719170
1168,862589 5348,317285 583,950000 7103,629874
1163,672668 5348,317285 584,100000 7098,589953
1191,805773 5297,371541 598,950000 7090,627314
1173,140689 5341,281742 589,275000 7106,197431
1229,738933 5240,191201 622,650000 7095,080133
1184,199397 5299,668708 596,700000 7083,068106
1197,107628 5294,976131 601,350000 7095,933759
1200,616296 5291,739663 602,775000 7097,630960
1224,934125 5284,815995 619,500000 7131,750120
1198,425622 5293,831360 600,225000 7094,981982
1179,005460 5303,392734 591,225000 7076,123194
1235,203968 5238,075062 622,950000 7098,729031
