# VRP NSGA-III - Frente de Pareto
# Tempo: 493895 ms | Tamanho: 35
# Formato: Distancia Tempo Combustivel FitnessPonderado

1155,303298 5239,120637 580,125000 6977,048934
1123,693397 5249,106390 567,825000 6943,124787
1152,275656 5240,883192 583,275000 6978,933849
1130,825876 5244,605994 570,900000 6948,831870
1155,821499 5238,002511 578,550000 6974,874010
1125,393685 5247,140617 566,250000 6941,284301
1149,375763 5242,078826 575,400000 6969,354589
1151,831113 5241,072884 578,175000 6973,578997
1157,307003 5237,848801 585,675000 6983,330804
1152,902837 5239,368868 580,125000 6974,896706
1123,135232 5249,718881 564,675000 6940,029114
1165,062923 5236,931253 585,900000 6990,394176
1128,914508 5245,494811 569,025000 6945,934318
1152,784108 5239,965076 579,750000 6974,999184
1167,757409 5236,177544 587,775000 6994,209953
1120,967460 5249,834966 564,675000 6937,977427
1173,852627 5235,430309 593,925000 7005,707936
1147,118315 5243,865694 580,950000 6974,434010
1149,064308 5243,312815 579,750000 6974,627123
1150,764595 5241,347042 578,175000 6972,786638
1147,404889 5243,767233 576,600000 6970,272122
1157,322810 5237,738671 579,750000 6977,311481
1127,413197 5245,758651 567,825000 6943,496848
1126,894996 5246,876777 569,400000 6945,671772
1154,905130 5238,477085 581,325000 6977,207215
1147,393695 5243,567628 582,150000 6975,611324
1132,328486 5243,978051 573,375000 6952,181537
1148,636471 5243,324403 578,550000 6973,010873
1154,831493 5239,073293 580,950000 6977,354785
1157,868884 5237,110727 579,750000 6977,229611
1153,969355 5239,094710 583,200000 6978,764065
1153,801987 5239,384477 576,975000 6972,661464
1175,390908 5235,078818 593,925000 7006,894725
1153,986094 5239,213272 581,325000 6977,024367
1128,778491 5245,497778 569,025000 6945,801268
