# AEMMT - Frente de Pareto (tabela de nao-dominancia)
# Instancia: c105
# Tamanho: 9 solucoes nao-dominadas
# Formato: distancia<TAB>tempo<TAB>combustivel<TAB>num_veiculos

1323,646642	5310,385742	667,425000	12
1395,424528	5308,425615	705,825000	12
1339,945727	5308,819510	675,375000	12
1324,016933	5309,221358	666,675000	12
1304,089997	5321,797420	660,300000	12
1297,147188	5329,432199	656,025000	12
1296,776897	5330,596583	656,775000	12
1266,929138	5348,180310	637,650000	12
1267,299429	5347,015926	636,900000	12
