# AEMMT - Frente de Pareto (tabela de nao-dominancia)
# Instancia: c105
# Tamanho: 9 solucoes nao-dominadas
# Formato: distancia<TAB>tempo<TAB>combustivel<TAB>num_veiculos

1266,894474	5326,318201	643,650000	12
1269,583185	5327,662557	640,575000	12
1267,264765	5325,153817	642,900000	12
1269,953476	5326,498173	639,825000	12
1287,847980	5314,208612	650,700000	12
1270,379772	5315,311890	643,875000	12
1273,068483	5316,656245	640,800000	12
1272,719133	5317,831099	642,225000	12
1270,030422	5316,486744	645,300000	12
