Subpopulacao\Geracao	gFinal
NSGA3_DistanciaMin	1884,79
NSGA3_TempoMin	1859,83
NSGA3_CombustivelMin	946,80
NSGA3_DistanciaMedia	1899,85
NSGA3_TempoMedio	1869,22
NSGA3_CombustivelMedio	954,41
NSGA3_FitnessPonderadoMin	4714,31
NSGA3_FitnessPonderadoMedio	4728,74
NSGA3_TamanhoFrente	12
TempoExecucao(ms)	505775
Parametros	Pop=600; Geracoes=3000; Pc=1,00; Pm=0,01

=== DIAGNOSTICO ===
Solucoes criadas: 596
Total avaliacoes: 1788596
Solucoes unicas: 27776

=== HISTORICO DE EVOLUCAO ===
Eval	BestDist	BestTime	BestFuel
5000	2081,64	1954,80	1054,95
10000	2078,14	1954,80	1051,35
15000	2078,14	1953,80	1051,35
20000	2068,03	1953,80	1046,18
25000	2061,37	1953,80	1045,20
30000	2061,37	1943,93	1045,20
35000	2061,37	1936,18	1045,20
40000	2061,37	1936,18	1044,08
45000	2061,37	1936,18	1044,08
50000	2050,52	1936,18	1040,33
55000	2050,52	1936,18	1040,33
60000	2047,76	1936,18	1036,95
65000	2047,76	1936,18	1036,95
70000	2047,76	1934,84	1036,95
75000	2047,76	1934,84	1036,95
80000	2046,66	1925,68	1034,93
85000	2046,66	1925,68	1034,93
90000	2046,66	1925,68	1034,93
95000	2045,02	1925,68	1031,10
100000	2045,02	1925,68	1031,10
105000	2034,80	1925,68	1026,45
110000	2034,80	1925,68	1026,45
115000	2034,80	1925,68	1026,45
120000	2034,80	1925,68	1026,45
125000	2034,80	1925,49	1026,45
130000	2034,80	1919,96	1026,45
135000	2020,42	1919,96	1020,53
140000	2020,42	1919,96	1020,53
145000	2020,42	1919,25	1020,53
150000	2020,42	1919,25	1020,38
155000	2012,01	1919,25	1012,05
160000	2012,01	1919,25	1012,05
165000	2012,01	1918,49	1012,05
170000	2010,18	1918,49	1010,25
175000	2007,65	1918,49	1010,25
180000	2000,82	1917,95	1005,98
185000	1987,30	1917,95	1001,40
190000	1987,30	1917,95	1001,40
195000	1987,30	1916,41	1001,40
200000	1987,30	1916,41	999,83
205000	1978,13	1916,16	995,25
210000	1978,13	1912,05	995,25
215000	1978,13	1912,05	995,25
220000	1978,13	1912,05	995,25
225000	1978,13	1912,05	995,25
230000	1978,13	1909,86	995,25
235000	1978,13	1909,86	995,25
240000	1978,13	1907,72	995,25
245000	1977,28	1907,72	993,38
250000	1977,28	1906,96	993,38
255000	1976,83	1906,96	993,23
260000	1970,22	1906,96	991,88
265000	1970,22	1906,96	991,88
270000	1970,22	1901,57	991,88
275000	1970,22	1901,57	991,88
280000	1970,22	1901,57	991,88
285000	1970,22	1898,81	991,13
290000	1970,22	1898,81	991,13
295000	1970,22	1898,81	991,13
300000	1970,22	1898,81	991,13
305000	1970,22	1898,81	991,13
310000	1970,22	1898,81	991,13
315000	1970,22	1898,81	991,13
320000	1970,22	1898,81	991,13
325000	1970,22	1898,81	991,13
330000	1970,22	1898,81	991,13
335000	1970,22	1898,81	991,13
340000	1970,22	1898,65	991,13
345000	1970,22	1898,65	991,13
350000	1966,61	1898,65	988,50
355000	1966,61	1897,81	988,50
360000	1966,61	1897,81	988,50
365000	1963,00	1897,81	988,50
370000	1963,00	1897,65	988,50
375000	1963,00	1897,65	988,50
380000	1963,00	1897,65	988,50
385000	1963,00	1895,37	988,50
390000	1963,00	1895,37	988,50
395000	1963,00	1895,37	988,50
400000	1963,00	1895,37	988,50
405000	1962,92	1895,37	988,50
410000	1962,92	1895,37	988,50
415000	1960,53	1895,37	987,52
420000	1960,53	1895,37	986,25
425000	1960,53	1895,37	986,25
430000	1960,53	1895,37	986,25
435000	1960,53	1895,37	986,25
440000	1958,04	1895,37	986,25
445000	1958,04	1895,37	986,25
450000	1958,04	1895,37	986,25
455000	1958,04	1895,37	986,25
460000	1958,04	1895,37	986,25
465000	1952,88	1895,37	986,25
470000	1952,88	1895,01	986,25
475000	1951,27	1894,85	984,68
480000	1951,27	1893,85	983,40
485000	1951,27	1893,85	983,40
490000	1951,27	1893,85	983,40
495000	1951,27	1893,85	983,40
500000	1951,27	1893,85	983,40
505000	1950,06	1893,85	983,40
510000	1950,06	1893,85	983,40
515000	1946,75	1886,72	981,68
520000	1946,75	1886,72	981,68
525000	1946,75	1886,72	981,68
530000	1946,75	1886,72	981,68
535000	1946,75	1886,72	981,68
540000	1946,75	1886,72	981,68
545000	1946,10	1886,72	981,68
550000	1946,10	1886,72	981,68
555000	1946,10	1886,72	981,68
560000	1946,10	1886,72	981,68
565000	1946,10	1886,72	981,68
570000	1946,10	1886,72	981,68
575000	1944,77	1886,72	981,68
580000	1944,77	1886,11	981,30
585000	1943,36	1886,11	981,30
590000	1943,36	1886,11	980,40
595000	1943,36	1886,11	979,50
600000	1943,36	1886,11	979,50
605000	1943,36	1882,98	979,50
610000	1943,36	1882,98	979,50
615000	1943,36	1882,98	979,50
620000	1943,36	1882,98	979,50
625000	1936,29	1882,98	979,50
630000	1936,29	1882,98	979,50
635000	1936,29	1882,98	979,50
640000	1936,29	1881,96	978,97
645000	1934,36	1881,96	974,25
650000	1934,36	1879,40	974,25
655000	1934,36	1878,22	974,25
660000	1934,36	1878,22	974,25
665000	1934,36	1878,22	974,25
670000	1934,36	1877,41	974,25
675000	1934,36	1877,41	974,25
680000	1934,36	1877,05	974,25
685000	1934,36	1877,05	974,25
690000	1934,36	1877,05	974,25
695000	1934,36	1877,05	974,25
700000	1934,36	1876,89	974,25
705000	1934,36	1876,17	974,25
710000	1934,36	1876,17	974,25
715000	1934,03	1876,17	972,60
720000	1934,03	1875,18	972,60
725000	1929,50	1875,18	972,60
730000	1929,50	1875,18	972,60
735000	1929,31	1875,18	968,25
740000	1929,31	1875,18	968,25
745000	1927,33	1875,18	968,25
750000	1927,33	1875,18	968,25
755000	1927,33	1875,18	968,25
760000	1922,20	1875,18	967,27
765000	1922,20	1875,18	967,27
770000	1922,20	1872,74	967,27
775000	1922,20	1872,74	967,27
780000	1921,24	1872,74	967,27
785000	1921,24	1872,74	967,27
790000	1921,24	1872,74	967,27
795000	1921,24	1872,74	967,27
800000	1917,99	1872,74	966,75
805000	1917,99	1872,74	966,75
810000	1917,99	1872,74	966,75
815000	1917,99	1872,74	966,75
820000	1917,99	1872,74	965,40
825000	1917,99	1872,74	965,40
830000	1917,99	1872,22	965,40
835000	1917,99	1872,22	965,40
840000	1917,99	1872,22	965,40
845000	1917,99	1872,22	965,40
850000	1917,99	1870,27	965,40
855000	1917,99	1870,27	965,40
860000	1917,99	1870,27	965,40
865000	1917,99	1870,00	965,40
870000	1917,99	1870,00	965,40
875000	1917,99	1870,00	965,40
880000	1916,38	1870,00	962,93
885000	1916,38	1870,00	962,93
890000	1914,03	1870,00	962,93
895000	1914,03	1870,00	962,93
900000	1914,03	1867,53	962,93
905000	1914,03	1867,53	962,93
910000	1914,03	1867,53	962,93
915000	1914,03	1867,53	962,93
920000	1914,03	1867,53	962,93
925000	1914,03	1867,33	962,93
930000	1914,03	1867,33	962,93
935000	1914,03	1867,33	962,93
940000	1914,03	1867,33	962,93
945000	1914,03	1867,33	962,93
950000	1914,03	1867,33	962,93
955000	1914,03	1867,33	962,93
960000	1914,03	1867,33	962,93
965000	1911,78	1867,30	962,93
970000	1911,78	1867,30	962,93
975000	1911,78	1867,27	962,93
980000	1911,78	1867,27	962,93
985000	1911,78	1867,27	962,93
990000	1911,78	1865,69	962,93
995000	1911,78	1865,69	962,93
1000000	1911,78	1865,69	962,93
1005000	1911,78	1865,69	962,93
1010000	1911,78	1865,68	962,93
1015000	1911,78	1865,65	962,93
1020000	1911,78	1865,65	962,93
1025000	1911,78	1865,65	962,40
1030000	1910,60	1865,65	959,55
1035000	1909,32	1865,65	959,55
1040000	1906,68	1864,57	959,55
1045000	1906,68	1864,57	959,55
1050000	1906,68	1864,57	959,55
1055000	1906,68	1864,57	959,55
1060000	1906,68	1864,57	959,55
1065000	1906,68	1864,57	959,55
1070000	1906,68	1864,57	959,55
1075000	1906,68	1861,85	959,55
1080000	1904,56	1861,85	956,47
1085000	1904,56	1861,33	956,47
1090000	1904,56	1861,33	956,47
1095000	1904,56	1861,33	956,47
1100000	1904,56	1861,33	956,47
1105000	1904,56	1861,33	956,47
1110000	1904,56	1861,33	956,47
1115000	1904,56	1861,33	956,47
1120000	1904,56	1861,33	956,47
1125000	1904,56	1861,33	956,47
1130000	1904,56	1861,33	956,47
1135000	1904,56	1861,33	956,47
1140000	1904,56	1861,33	956,47
1145000	1904,56	1861,33	956,47
1150000	1904,56	1861,33	956,47
1155000	1904,31	1861,33	956,47
1160000	1904,31	1861,33	956,47
1165000	1904,31	1861,33	956,47
1170000	1902,44	1861,33	956,47
1175000	1902,44	1861,33	956,47
1180000	1902,44	1861,33	956,47
1185000	1901,28	1861,33	956,47
1190000	1901,28	1861,33	956,47
1195000	1901,28	1861,33	956,47
1200000	1901,28	1861,33	956,47
1205000	1901,28	1861,33	956,47
1210000	1901,28	1861,33	956,47
1215000	1898,08	1861,33	956,03
1220000	1898,08	1861,33	956,03
1225000	1898,08	1861,33	956,03
1230000	1898,08	1861,33	956,03
1235000	1898,08	1861,33	956,03
1240000	1898,08	1861,33	956,03
1245000	1898,08	1861,33	956,03
1250000	1898,08	1861,33	954,60
1255000	1898,08	1861,12	954,60
1260000	1898,08	1861,12	954,60
1265000	1898,08	1861,12	954,60
1270000	1894,29	1861,12	952,65
1275000	1894,29	1861,12	952,65
1280000	1894,29	1861,12	952,65
1285000	1894,29	1861,12	952,65
1290000	1894,29	1861,12	952,65
1295000	1894,29	1861,12	952,65
1300000	1894,29	1861,12	952,65
1305000	1894,29	1861,12	952,65
1310000	1894,29	1861,12	952,65
1315000	1894,29	1861,12	952,65
1320000	1894,29	1861,12	952,65
1325000	1894,29	1861,12	952,65
1330000	1894,29	1861,12	952,65
1335000	1894,29	1861,12	952,65
1340000	1894,29	1861,12	952,65
1345000	1894,29	1861,12	952,65
1350000	1894,29	1861,12	952,65
1355000	1894,29	1861,12	952,65
1360000	1894,29	1861,12	952,65
1365000	1894,29	1860,96	952,65
1370000	1894,29	1860,96	952,65
1375000	1894,29	1860,96	952,65
1380000	1894,29	1860,96	952,65
1385000	1894,29	1860,96	952,65
1390000	1894,29	1860,96	952,65
1395000	1894,29	1860,96	952,65
1400000	1894,29	1860,96	952,65
1405000	1894,29	1860,96	952,65
1410000	1894,29	1860,96	952,65
1415000	1894,29	1860,96	952,65
1420000	1894,29	1860,96	952,65
1425000	1894,29	1860,96	952,65
1430000	1894,29	1860,93	952,65
1435000	1894,29	1860,93	952,65
1440000	1890,04	1860,93	950,93
1445000	1890,04	1860,93	950,93
1450000	1890,04	1860,93	950,93
1455000	1890,04	1860,93	950,93
1460000	1890,04	1860,93	950,93
1465000	1890,04	1860,93	948,53
1470000	1890,04	1860,93	948,53
1475000	1890,04	1860,93	948,53
1480000	1890,04	1860,93	948,53
1485000	1890,04	1860,93	948,53
1490000	1890,04	1860,93	948,53
1495000	1890,04	1860,93	948,53
1500000	1890,04	1860,93	948,53
1505000	1890,04	1860,93	948,53
1510000	1890,04	1860,93	948,53
1515000	1890,04	1860,93	948,53
1520000	1890,04	1860,93	948,53
1525000	1890,04	1860,93	948,53
1530000	1890,04	1860,93	948,53
1535000	1890,04	1860,93	948,53
1540000	1890,04	1860,93	948,53
1545000	1890,04	1860,93	948,53
1550000	1890,04	1860,93	948,53
1555000	1890,04	1860,93	948,53
1560000	1884,79	1860,93	946,80
1565000	1884,79	1860,93	946,80
1570000	1884,79	1860,93	946,80
1575000	1884,79	1860,93	946,80
1580000	1884,79	1860,93	946,80
1585000	1884,79	1860,93	946,80
1590000	1884,79	1860,93	946,80
1595000	1884,79	1860,93	946,80
1600000	1884,79	1860,93	946,80
1605000	1884,79	1860,93	946,80
1610000	1884,79	1860,93	946,80
1615000	1884,79	1860,93	946,80
1620000	1884,79	1860,93	946,80
1625000	1884,79	1860,93	946,80
1630000	1884,79	1860,93	946,80
1635000	1884,79	1860,93	946,80
1640000	1884,79	1860,93	946,80
1645000	1884,79	1860,93	946,80
1650000	1884,79	1860,93	946,80
1655000	1884,79	1860,93	946,80
1660000	1884,79	1860,93	946,80
1665000	1884,79	1860,93	946,80
1670000	1884,79	1860,93	946,80
1675000	1884,79	1860,93	946,80
1680000	1884,79	1860,93	946,80
1685000	1884,79	1860,93	946,80
1690000	1884,79	1860,93	946,80
1695000	1884,79	1860,93	946,80
1700000	1884,79	1860,93	946,80
1705000	1884,79	1860,93	946,80
1710000	1884,79	1860,93	946,80
1715000	1884,79	1860,93	946,80
1720000	1884,79	1860,93	946,80
1725000	1884,79	1860,93	946,80
1730000	1884,79	1860,93	946,80
1735000	1884,79	1860,04	946,80
1740000	1884,79	1860,04	946,80
1745000	1884,79	1859,83	946,80
1750000	1884,79	1859,83	946,80
1755000	1884,79	1859,83	946,80
1760000	1884,79	1859,83	946,80
1765000	1884,79	1859,83	946,80
1770000	1884,79	1859,83	946,80
1775000	1884,79	1859,83	946,80
1780000	1884,79	1859,83	946,80
1785000	1884,79	1859,83	946,80

=== MELHOR SOLUCAO (Fitness Ponderado Minimo) ===
Fitness Ponderado: 4714,308457
Distancia: 1884,79
Tempo: 1877,46
Combustivel: 946,80

Veiculo 0: 6 clientes, demanda: 88/200, rota: [65, 71, 9, 20, 32, 70]
Veiculo 1: 6 clientes, demanda: 83/200, rota: [36, 47, 7, 8, 46, 48]
Veiculo 2: 8 clientes, demanda: 96/200, rota: [63, 62, 11, 90, 10, 60, 89, 58]
Veiculo 3: 7 clientes, demanda: 110/200, rota: [14, 98, 61, 85, 37, 91, 100]
Veiculo 4: 7 clientes, demanda: 81/200, rota: [45, 83, 18, 84, 96, 17, 93]
Veiculo 5: 8 clientes, demanda: 83/200, rota: [92, 95, 21, 40, 53, 54, 24, 80]
Veiculo 6: 7 clientes, demanda: 109/200, rota: [72, 75, 73, 22, 56, 4, 77]
Veiculo 7: 6 clientes, demanda: 143/200, rota: [59, 5, 16, 86, 97, 13]
Veiculo 8: 6 clientes, demanda: 60/200, rota: [42, 15, 87, 57, 74, 25]
Veiculo 9: 3 clientes, demanda: 44/200, rota: [64, 66, 1]
Veiculo 10: 6 clientes, demanda: 120/200, rota: [28, 12, 76, 79, 3, 68]
Veiculo 11: 4 clientes, demanda: 87/200, rota: [39, 23, 67, 55]
Veiculo 12: 3 clientes, demanda: 29/200, rota: [2, 41, 26]
Veiculo 13: 3 clientes, demanda: 41/200, rota: [44, 38, 43]
Veiculo 14: 3 clientes, demanda: 50/200, rota: [33, 81, 50]
Veiculo 15: 2 clientes, demanda: 36/200, rota: [99, 94]
Veiculo 16: 4 clientes, demanda: 34/200, rota: [29, 78, 34, 35]
Veiculo 17: 3 clientes, demanda: 63/200, rota: [82, 19, 49]
Veiculo 18: 2 clientes, demanda: 12/200, rota: [52, 6]
Veiculo 19: 3 clientes, demanda: 37/200, rota: [69, 30, 51]
Veiculo 20: 3 clientes, demanda: 52/200, rota: [27, 31, 88]
