Subpopulacao\Geracao	gFinal
NSGA3_DistanciaMin	1894,98
NSGA3_TempoMin	1874,69
NSGA3_CombustivelMin	949,80
NSGA3_DistanciaMedia	1931,69
NSGA3_TempoMedio	1887,19
NSGA3_CombustivelMedio	970,98
NSGA3_FitnessPonderadoMin	4745,82
NSGA3_FitnessPonderadoMedio	4778,93
NSGA3_TamanhoFrente	34
TempoExecucao(ms)	497919
Parametros	Pop=600; Geracoes=3000; Pc=1,00; Pm=0,01

=== DIAGNOSTICO ===
Solucoes criadas: 596
Total avaliacoes: 1788596
Solucoes unicas: 26642

=== HISTORICO DE EVOLUCAO ===
Eval	BestDist	BestTime	BestFuel
5000	2088,99	1957,70	1056,23
10000	2084,03	1957,70	1055,48
15000	2081,64	1953,20	1054,95
20000	2076,61	1949,06	1052,85
25000	2061,15	1947,30	1046,10
30000	2061,15	1947,05	1046,10
35000	2061,15	1947,05	1046,10
40000	2061,15	1935,78	1045,35
45000	2061,15	1935,66	1045,35
50000	2049,36	1935,66	1039,20
55000	2049,36	1930,16	1039,20
60000	2049,36	1930,16	1039,20
65000	2042,34	1929,51	1031,55
70000	2042,34	1929,51	1031,55
75000	2042,34	1925,94	1031,55
80000	2042,34	1925,94	1031,55
85000	2042,34	1925,94	1031,55
90000	2032,18	1925,94	1021,05
95000	2031,42	1925,93	1021,05
100000	2026,73	1925,93	1020,38
105000	2026,73	1925,93	1020,38
110000	2026,73	1925,93	1020,38
115000	2026,73	1918,78	1020,38
120000	2021,57	1918,78	1020,38
125000	2021,57	1918,78	1020,38
130000	2021,57	1918,78	1020,38
135000	2021,57	1912,11	1020,38
140000	2019,12	1912,11	1013,93
145000	2011,04	1911,34	1013,93
150000	2006,51	1911,34	1013,18
155000	2006,51	1911,34	1013,18
160000	2006,51	1911,34	1013,18
165000	2004,41	1911,34	1013,18
170000	2004,41	1911,34	1013,18
175000	1992,30	1911,34	1004,63
180000	1992,30	1908,31	1004,63
185000	1986,52	1908,31	1002,53
190000	1986,52	1908,31	1002,53
195000	1986,52	1908,31	1002,53
200000	1986,52	1908,31	1002,53
205000	1986,52	1908,31	1002,53
210000	1986,52	1908,31	1002,53
215000	1986,52	1907,37	1002,53
220000	1986,52	1907,37	1002,53
225000	1986,52	1907,37	1002,15
230000	1986,16	1907,37	1000,28
235000	1986,16	1907,37	1000,28
240000	1980,98	1907,37	1000,28
245000	1965,64	1907,37	997,28
250000	1965,64	1907,37	997,28
255000	1965,64	1907,37	997,28
260000	1965,64	1907,37	996,90
265000	1965,64	1907,37	996,90
270000	1963,77	1907,37	996,45
275000	1963,77	1907,37	996,45
280000	1963,77	1904,67	994,58
285000	1963,77	1904,67	994,58
290000	1963,77	1904,67	993,83
295000	1963,77	1904,67	993,82
300000	1963,77	1904,67	992,85
305000	1953,56	1904,67	983,93
310000	1953,56	1904,67	983,93
315000	1950,18	1903,50	983,93
320000	1950,18	1903,50	982,05
325000	1950,18	1903,50	982,05
330000	1946,92	1902,41	979,95
335000	1945,56	1902,41	979,95
340000	1942,51	1902,41	977,40
345000	1942,51	1902,41	977,40
350000	1942,51	1902,41	977,40
355000	1942,51	1902,41	977,40
360000	1942,51	1901,55	977,40
365000	1942,51	1901,55	977,40
370000	1942,51	1901,55	977,40
375000	1933,36	1901,55	972,08
380000	1933,36	1900,37	972,08
385000	1933,36	1900,37	972,08
390000	1933,36	1900,37	972,08
395000	1933,36	1900,37	972,08
400000	1933,36	1900,37	972,08
405000	1933,36	1898,97	972,08
410000	1933,36	1897,97	972,08
415000	1933,36	1897,97	972,08
420000	1933,36	1894,63	972,08
425000	1933,36	1894,63	972,08
430000	1933,36	1894,63	972,08
435000	1933,36	1894,63	972,08
440000	1930,64	1892,85	972,08
445000	1930,64	1892,85	972,08
450000	1930,64	1892,85	972,08
455000	1930,64	1890,83	972,08
460000	1925,66	1890,83	969,68
465000	1925,66	1890,83	969,68
470000	1925,66	1890,83	968,70
475000	1925,66	1890,83	968,70
480000	1925,66	1890,83	968,70
485000	1925,32	1890,83	967,13
490000	1925,32	1890,83	967,13
495000	1925,32	1890,83	967,13
500000	1925,32	1890,57	967,13
505000	1925,32	1890,57	967,13
510000	1922,49	1890,57	967,13
515000	1922,49	1889,14	967,13
520000	1922,49	1889,08	967,13
525000	1922,49	1889,08	967,13
530000	1922,49	1889,08	967,13
535000	1922,49	1889,08	967,13
540000	1922,49	1889,08	967,13
545000	1922,49	1889,08	967,13
550000	1922,49	1889,08	967,13
555000	1922,49	1887,81	967,13
560000	1922,49	1887,31	967,13
565000	1922,49	1887,31	967,13
570000	1922,49	1887,31	967,13
575000	1922,49	1887,31	967,13
580000	1922,49	1887,31	967,13
585000	1922,49	1887,31	967,13
590000	1922,49	1887,31	967,13
595000	1918,68	1887,31	963,00
600000	1918,68	1887,31	963,00
605000	1916,28	1887,31	962,03
610000	1916,28	1887,31	962,03
615000	1916,28	1887,31	962,03
620000	1916,28	1887,31	962,03
625000	1916,28	1887,31	962,03
630000	1916,28	1886,81	962,03
635000	1916,28	1886,81	962,03
640000	1916,28	1886,81	962,03
645000	1916,28	1886,81	962,03
650000	1916,28	1886,81	962,03
655000	1916,28	1886,31	962,03
660000	1916,28	1886,31	962,03
665000	1916,28	1886,31	962,03
670000	1916,28	1886,31	962,03
675000	1916,28	1886,31	962,03
680000	1916,28	1885,68	962,03
685000	1916,28	1885,68	962,03
690000	1916,28	1885,68	962,03
695000	1916,28	1885,68	962,03
700000	1916,28	1885,48	962,03
705000	1916,28	1885,48	962,03
710000	1916,28	1885,48	962,03
715000	1915,69	1885,48	961,72
720000	1915,69	1885,48	961,72
725000	1915,69	1885,48	961,72
730000	1915,69	1885,48	961,72
735000	1915,69	1883,86	961,72
740000	1915,69	1883,86	961,72
745000	1915,69	1883,86	961,72
750000	1913,25	1883,86	961,72
755000	1913,25	1883,86	961,72
760000	1913,25	1883,86	961,72
765000	1913,25	1883,86	961,72
770000	1913,25	1883,86	961,72
775000	1913,25	1883,86	961,72
780000	1913,25	1883,86	961,72
785000	1913,25	1883,86	961,72
790000	1913,25	1883,86	961,72
795000	1913,25	1883,86	961,72
800000	1913,25	1883,86	961,72
805000	1913,25	1883,85	961,72
810000	1906,51	1883,85	956,70
815000	1906,51	1883,85	956,70
820000	1906,51	1883,85	956,70
825000	1906,51	1883,34	956,70
830000	1906,51	1883,34	956,70
835000	1906,51	1883,34	956,70
840000	1906,51	1883,34	956,70
845000	1906,51	1883,34	956,70
850000	1906,51	1883,34	956,70
855000	1906,51	1883,34	956,70
860000	1906,51	1883,34	956,70
865000	1906,51	1883,34	956,70
870000	1906,51	1883,34	956,70
875000	1906,51	1883,34	956,70
880000	1906,51	1883,34	956,70
885000	1906,51	1883,34	956,70
890000	1906,51	1883,34	956,70
895000	1906,51	1883,13	956,70
900000	1906,51	1883,13	956,70
905000	1906,51	1883,13	956,70
910000	1906,51	1883,13	956,70
915000	1906,51	1883,13	956,70
920000	1906,51	1883,13	956,70
925000	1906,51	1883,13	956,70
930000	1906,51	1883,13	956,70
935000	1906,51	1883,13	956,70
940000	1906,51	1883,13	956,70
945000	1906,51	1883,13	956,70
950000	1906,51	1883,13	956,70
955000	1906,51	1883,13	956,70
960000	1906,51	1883,13	956,70
965000	1906,51	1883,13	956,70
970000	1906,51	1883,13	956,70
975000	1906,51	1883,13	956,70
980000	1906,51	1883,13	956,70
985000	1906,51	1883,13	956,70
990000	1905,70	1883,13	954,83
995000	1905,70	1883,13	954,83
1000000	1905,70	1883,13	954,83
1005000	1905,70	1883,13	954,83
1010000	1905,70	1883,13	954,83
1015000	1905,70	1883,13	954,83
1020000	1905,70	1883,13	954,83
1025000	1905,70	1883,13	954,83
1030000	1905,70	1883,13	954,83
1035000	1905,70	1883,13	954,83
1040000	1905,70	1883,13	954,83
1045000	1905,70	1883,13	954,83
1050000	1905,70	1883,13	954,83
1055000	1905,70	1883,13	954,83
1060000	1905,70	1883,13	954,83
1065000	1905,70	1883,13	954,83
1070000	1905,70	1883,13	954,83
1075000	1905,70	1883,13	954,83
1080000	1905,70	1883,13	954,83
1085000	1905,70	1883,13	954,83
1090000	1905,70	1883,13	954,83
1095000	1905,70	1883,13	954,83
1100000	1905,70	1883,13	954,83
1105000	1905,70	1883,13	954,83
1110000	1905,70	1883,13	954,83
1115000	1905,70	1878,67	954,83
1120000	1905,70	1878,67	954,83
1125000	1905,70	1878,67	954,83
1130000	1905,70	1878,67	954,83
1135000	1905,70	1878,67	954,83
1140000	1905,70	1878,67	954,83
1145000	1905,70	1878,67	954,83
1150000	1905,70	1878,67	954,83
1155000	1905,70	1878,67	954,83
1160000	1905,70	1878,67	954,83
1165000	1905,70	1878,67	954,83
1170000	1905,70	1878,67	954,83
1175000	1905,70	1878,67	954,83
1180000	1905,70	1878,67	954,83
1185000	1899,05	1878,67	949,80
1190000	1899,05	1878,67	949,80
1195000	1899,05	1878,67	949,80
1200000	1899,05	1878,67	949,80
1205000	1899,05	1878,67	949,80
1210000	1899,05	1878,67	949,80
1215000	1899,05	1878,15	949,80
1220000	1899,05	1878,15	949,80
1225000	1899,05	1878,15	949,80
1230000	1899,05	1878,15	949,80
1235000	1899,05	1878,15	949,80
1240000	1899,05	1878,15	949,80
1245000	1899,05	1878,15	949,80
1250000	1899,05	1878,15	949,80
1255000	1899,05	1878,15	949,80
1260000	1899,05	1878,15	949,80
1265000	1899,05	1878,15	949,80
1270000	1899,05	1878,15	949,80
1275000	1899,05	1878,15	949,80
1280000	1899,05	1878,15	949,80
1285000	1899,05	1878,15	949,80
1290000	1899,05	1878,15	949,80
1295000	1899,05	1878,15	949,80
1300000	1899,05	1878,15	949,80
1305000	1899,05	1878,15	949,80
1310000	1899,05	1878,15	949,80
1315000	1899,05	1876,53	949,80
1320000	1899,05	1876,53	949,80
1325000	1899,05	1876,53	949,80
1330000	1899,05	1876,53	949,80
1335000	1899,05	1876,53	949,80
1340000	1899,05	1876,53	949,80
1345000	1899,05	1876,53	949,80
1350000	1899,05	1876,53	949,80
1355000	1899,05	1876,34	949,80
1360000	1899,05	1876,34	949,80
1365000	1899,05	1876,34	949,80
1370000	1899,05	1876,34	949,80
1375000	1899,05	1876,34	949,80
1380000	1899,05	1876,34	949,80
1385000	1899,05	1876,34	949,80
1390000	1899,05	1876,34	949,80
1395000	1899,05	1876,34	949,80
1400000	1899,05	1876,34	949,80
1405000	1899,05	1876,34	949,80
1410000	1899,05	1876,34	949,80
1415000	1899,05	1876,34	949,80
1420000	1899,05	1876,34	949,80
1425000	1899,05	1876,34	949,80
1430000	1899,05	1876,34	949,80
1435000	1896,51	1876,32	949,80
1440000	1896,51	1876,32	949,80
1445000	1896,51	1876,32	949,80
1450000	1896,51	1876,32	949,80
1455000	1896,51	1876,32	949,80
1460000	1896,51	1876,32	949,80
1465000	1896,51	1876,32	949,80
1470000	1896,51	1876,29	949,80
1475000	1896,51	1876,29	949,80
1480000	1896,51	1876,29	949,80
1485000	1896,51	1876,29	949,80
1490000	1896,51	1876,29	949,80
1495000	1896,51	1876,29	949,80
1500000	1896,51	1876,29	949,80
1505000	1896,51	1876,29	949,80
1510000	1896,51	1876,29	949,80
1515000	1896,51	1876,13	949,80
1520000	1896,51	1876,13	949,80
1525000	1896,51	1875,41	949,80
1530000	1896,51	1875,41	949,80
1535000	1896,51	1875,41	949,80
1540000	1896,51	1875,41	949,80
1545000	1896,51	1875,41	949,80
1550000	1896,51	1875,41	949,80
1555000	1896,51	1875,41	949,80
1560000	1896,51	1875,41	949,80
1565000	1896,51	1875,41	949,80
1570000	1896,51	1875,41	949,80
1575000	1896,51	1875,21	949,80
1580000	1896,51	1875,21	949,80
1585000	1896,51	1875,21	949,80
1590000	1896,51	1875,21	949,80
1595000	1896,51	1875,21	949,80
1600000	1896,51	1875,21	949,80
1605000	1896,51	1875,21	949,80
1610000	1896,51	1875,17	949,80
1615000	1896,26	1875,17	949,80
1620000	1896,26	1875,17	949,80
1625000	1896,26	1875,17	949,80
1630000	1895,23	1875,17	949,80
1635000	1895,23	1875,17	949,80
1640000	1895,23	1875,17	949,80
1645000	1895,23	1875,17	949,80
1650000	1895,23	1875,17	949,80
1655000	1895,23	1875,17	949,80
1660000	1895,23	1874,85	949,80
1665000	1895,23	1874,85	949,80
1670000	1895,23	1874,85	949,80
1675000	1895,23	1874,85	949,80
1680000	1895,23	1874,85	949,80
1685000	1895,23	1874,85	949,80
1690000	1895,23	1874,85	949,80
1695000	1895,23	1874,85	949,80
1700000	1895,23	1874,85	949,80
1705000	1895,23	1874,85	949,80
1710000	1895,23	1874,85	949,80
1715000	1895,23	1874,85	949,80
1720000	1895,23	1874,85	949,80
1725000	1895,23	1874,85	949,80
1730000	1895,23	1874,85	949,80
1735000	1895,23	1874,85	949,80
1740000	1895,23	1874,69	949,80
1745000	1895,23	1874,69	949,80
1750000	1895,23	1874,69	949,80
1755000	1895,23	1874,69	949,80
1760000	1895,23	1874,69	949,80
1765000	1895,23	1874,69	949,80
1770000	1894,98	1874,69	949,80
1775000	1894,98	1874,69	949,80
1780000	1894,98	1874,69	949,80
1785000	1894,98	1874,69	949,80

=== MELHOR SOLUCAO (Fitness Ponderado Minimo) ===
Fitness Ponderado: 4745,818173
Distancia: 1895,23
Tempo: 1899,68
Combustivel: 951,68

Veiculo 0: 6 clientes, demanda: 88/200, rota: [65, 71, 9, 20, 32, 70]
Veiculo 1: 6 clientes, demanda: 83/200, rota: [36, 47, 7, 8, 46, 48]
Veiculo 2: 8 clientes, demanda: 96/200, rota: [63, 62, 11, 90, 10, 60, 89, 58]
Veiculo 3: 7 clientes, demanda: 116/200, rota: [14, 98, 16, 86, 37, 17, 93]
Veiculo 4: 7 clientes, demanda: 75/200, rota: [45, 83, 18, 84, 96, 91, 100]
Veiculo 5: 8 clientes, demanda: 91/200, rota: [92, 95, 21, 40, 53, 54, 24, 77]
Veiculo 6: 7 clientes, demanda: 101/200, rota: [72, 75, 73, 22, 56, 4, 25]
Veiculo 7: 6 clientes, demanda: 143/200, rota: [59, 5, 61, 85, 97, 13]
Veiculo 8: 6 clientes, demanda: 60/200, rota: [42, 15, 87, 57, 74, 80]
Veiculo 9: 3 clientes, demanda: 44/200, rota: [64, 66, 1]
Veiculo 10: 6 clientes, demanda: 120/200, rota: [28, 12, 76, 79, 3, 68]
Veiculo 11: 4 clientes, demanda: 87/200, rota: [39, 23, 67, 55]
Veiculo 12: 3 clientes, demanda: 29/200, rota: [2, 41, 26]
Veiculo 13: 3 clientes, demanda: 41/200, rota: [44, 38, 43]
Veiculo 14: 3 clientes, demanda: 50/200, rota: [33, 81, 50]
Veiculo 15: 2 clientes, demanda: 12/200, rota: [52, 6]
Veiculo 16: 4 clientes, demanda: 34/200, rota: [29, 78, 34, 35]
Veiculo 17: 3 clientes, demanda: 63/200, rota: [82, 19, 49]
Veiculo 18: 2 clientes, demanda: 36/200, rota: [99, 94]
Veiculo 19: 3 clientes, demanda: 37/200, rota: [69, 30, 51]
Veiculo 20: 2 clientes, demanda: 36/200, rota: [31, 88]
Veiculo 21: 1 clientes, demanda: 16/200, rota: [27]
