Subpopulacao\Geracao	gFinal
NSGA3_DistanciaMin	1886,84
NSGA3_TempoMin	1866,15
NSGA3_CombustivelMin	946,65
NSGA3_DistanciaMedia	1903,48
NSGA3_TempoMedio	1871,91
NSGA3_CombustivelMedio	955,63
NSGA3_FitnessPonderadoMin	4716,03
NSGA3_FitnessPonderadoMedio	4736,27
NSGA3_TamanhoFrente	17
TempoExecucao(ms)	500119
Parametros	Pop=600; Geracoes=3000; Pc=1,00; Pm=0,01

=== DIAGNOSTICO ===
Solucoes criadas: 596
Total avaliacoes: 1788596
Solucoes unicas: 29292

=== HISTORICO DE EVOLUCAO ===
Eval	BestDist	BestTime	BestFuel
5000	2083,96	1954,62	1054,88
10000	2081,64	1954,62	1054,88
15000	2081,64	1951,57	1052,85
20000	2072,38	1950,57	1047,53
25000	2072,38	1946,13	1047,53
30000	2066,19	1938,52	1042,58
35000	2066,19	1938,52	1042,58
40000	2057,26	1938,52	1040,33
45000	2057,26	1938,52	1040,33
50000	2036,81	1932,75	1032,30
55000	2036,81	1932,51	1032,30
60000	2035,89	1932,51	1032,30
65000	2035,89	1932,51	1031,03
70000	2035,89	1932,51	1029,68
75000	2032,29	1923,81	1028,03
80000	2032,29	1923,81	1028,03
85000	2031,29	1922,74	1024,13
90000	2029,58	1922,74	1024,13
95000	2026,91	1918,31	1023,30
100000	2023,97	1918,31	1023,30
105000	2008,67	1917,02	1018,35
110000	2008,67	1917,02	1018,35
115000	2008,67	1917,02	1018,35
120000	2008,67	1917,02	1017,68
125000	2008,67	1917,02	1013,55
130000	2008,67	1914,61	1013,55
135000	1998,39	1914,61	1012,80
140000	1998,39	1914,61	1012,80
145000	1998,39	1914,61	1012,80
150000	1994,96	1914,61	1009,65
155000	1994,96	1914,61	1009,65
160000	1994,96	1912,66	1009,65
165000	1991,58	1912,66	1006,50
170000	1990,34	1912,66	1006,28
175000	1985,81	1910,39	1000,95
180000	1985,81	1908,48	1000,95
185000	1985,81	1908,48	1000,95
190000	1985,81	1908,48	1000,95
195000	1985,81	1908,48	1000,95
200000	1984,33	1908,48	1000,95
205000	1984,33	1908,48	1000,13
210000	1984,33	1908,48	1000,13
215000	1982,18	1907,66	1000,13
220000	1982,18	1899,66	1000,13
225000	1968,70	1899,66	996,68
230000	1968,70	1899,66	995,55
235000	1968,70	1899,66	992,25
240000	1968,70	1899,66	991,35
245000	1968,70	1899,66	991,35
250000	1967,89	1899,66	991,35
255000	1965,93	1899,66	987,98
260000	1965,93	1899,66	987,98
265000	1956,91	1899,66	987,98
270000	1956,91	1899,66	987,98
275000	1956,91	1899,66	987,98
280000	1956,91	1899,66	987,98
285000	1956,91	1899,01	987,98
290000	1947,21	1899,01	986,85
295000	1947,21	1899,01	986,85
300000	1943,41	1899,01	983,70
305000	1943,41	1899,01	983,70
310000	1940,54	1899,01	983,70
315000	1940,54	1899,01	983,70
320000	1940,54	1899,01	983,70
325000	1940,54	1897,15	983,70
330000	1940,54	1897,15	983,70
335000	1936,74	1897,15	981,98
340000	1936,74	1896,78	981,98
345000	1936,74	1896,78	981,98
350000	1936,74	1896,78	980,25
355000	1936,74	1895,21	980,25
360000	1936,74	1895,21	980,25
365000	1936,74	1895,21	980,25
370000	1936,74	1895,21	979,80
375000	1936,74	1892,62	979,80
380000	1936,74	1892,62	979,80
385000	1935,25	1892,62	978,60
390000	1935,25	1892,17	978,60
395000	1935,25	1892,17	976,73
400000	1935,25	1892,17	976,73
405000	1931,18	1892,17	974,78
410000	1931,18	1892,17	974,78
415000	1931,18	1891,10	974,78
420000	1928,46	1891,10	974,78
425000	1927,43	1891,10	969,38
430000	1927,43	1891,10	969,38
435000	1927,43	1891,10	969,38
440000	1927,43	1891,10	969,38
445000	1927,43	1891,10	969,38
450000	1927,43	1891,10	969,38
455000	1927,43	1890,88	969,38
460000	1927,43	1890,88	969,38
465000	1927,43	1890,88	969,38
470000	1927,43	1883,68	969,38
475000	1923,21	1883,68	968,85
480000	1923,21	1883,68	968,85
485000	1923,21	1883,68	968,85
490000	1923,21	1883,68	968,85
495000	1923,21	1883,68	968,85
500000	1923,21	1883,68	968,85
505000	1922,28	1881,79	966,53
510000	1922,28	1881,79	966,53
515000	1921,64	1881,79	966,00
520000	1921,64	1881,79	966,00
525000	1921,64	1881,79	966,00
530000	1921,64	1881,79	966,00
535000	1921,64	1881,79	966,00
540000	1921,64	1881,79	966,00
545000	1921,64	1881,79	966,00
550000	1921,64	1881,79	966,00
555000	1921,64	1881,79	966,00
560000	1921,64	1881,24	966,00
565000	1921,64	1878,73	966,00
570000	1920,79	1877,50	962,32
575000	1920,79	1877,50	962,32
580000	1918,81	1877,50	960,82
585000	1912,47	1877,50	959,85
590000	1912,47	1877,50	959,85
595000	1912,47	1877,50	959,85
600000	1912,47	1877,50	959,85
605000	1912,47	1877,50	959,85
610000	1912,47	1877,50	959,85
615000	1912,47	1877,50	959,85
620000	1912,47	1877,50	959,85
625000	1912,47	1877,50	959,85
630000	1912,47	1877,50	959,85
635000	1912,47	1877,50	959,85
640000	1912,47	1876,84	959,85
645000	1912,47	1876,84	959,85
650000	1912,17	1876,84	959,85
655000	1912,17	1876,84	959,85
660000	1910,90	1876,84	959,77
665000	1910,90	1876,84	959,77
670000	1910,90	1876,84	959,77
675000	1910,90	1876,84	959,77
680000	1910,90	1876,84	959,77
685000	1910,90	1876,84	959,77
690000	1910,90	1876,84	959,77
695000	1910,34	1876,84	959,77
700000	1907,74	1876,84	959,77
705000	1907,74	1876,53	959,77
710000	1907,74	1876,53	959,77
715000	1907,74	1876,53	959,77
720000	1907,74	1876,53	959,77
725000	1907,74	1871,91	959,77
730000	1907,74	1871,91	959,77
735000	1907,74	1871,91	959,77
740000	1907,74	1870,37	959,77
745000	1907,10	1870,37	959,77
750000	1907,10	1870,37	959,77
755000	1907,10	1870,37	959,77
760000	1907,10	1870,37	959,77
765000	1907,10	1870,37	959,77
770000	1907,10	1870,37	959,77
775000	1907,10	1870,37	959,77
780000	1907,10	1870,37	959,77
785000	1907,10	1870,37	959,77
790000	1907,10	1869,72	959,77
795000	1907,10	1869,72	959,77
800000	1907,10	1869,72	959,77
805000	1907,10	1869,72	959,77
810000	1907,10	1869,72	959,77
815000	1907,10	1869,72	959,77
820000	1907,10	1869,72	959,77
825000	1907,10	1869,72	959,03
830000	1907,10	1869,72	959,03
835000	1906,24	1869,72	958,13
840000	1906,24	1869,72	958,13
845000	1898,57	1869,72	957,00
850000	1898,57	1869,72	954,75
855000	1898,57	1869,72	954,75
860000	1897,72	1869,72	954,75
865000	1897,72	1869,72	954,75
870000	1897,72	1869,72	954,75
875000	1897,72	1869,72	954,75
880000	1897,72	1869,72	954,75
885000	1897,72	1869,72	954,75
890000	1897,72	1869,72	954,75
895000	1897,72	1869,72	954,75
900000	1897,72	1869,72	954,75
905000	1897,72	1869,72	954,75
910000	1897,72	1869,72	954,75
915000	1897,72	1869,20	954,75
920000	1897,72	1869,20	954,75
925000	1897,72	1869,20	954,75
930000	1897,72	1869,20	954,75
935000	1897,72	1869,20	954,75
940000	1897,72	1869,20	954,75
945000	1897,72	1869,20	954,75
950000	1897,72	1869,20	954,75
955000	1897,72	1869,20	954,75
960000	1897,72	1869,20	954,75
965000	1897,72	1869,20	954,75
970000	1897,72	1869,20	954,75
975000	1897,72	1869,20	954,75
980000	1896,08	1869,20	954,52
985000	1896,08	1869,20	954,52
990000	1896,08	1869,20	954,52
995000	1896,08	1869,20	954,52
1000000	1896,08	1869,20	954,52
1005000	1896,08	1869,20	954,52
1010000	1896,08	1869,20	954,52
1015000	1896,08	1869,20	954,52
1020000	1896,08	1869,20	952,88
1025000	1896,08	1869,20	952,88
1030000	1896,08	1869,20	952,88
1035000	1896,08	1869,20	952,88
1040000	1896,08	1869,20	952,88
1045000	1896,08	1869,20	952,88
1050000	1896,08	1869,20	952,88
1055000	1896,08	1869,20	952,88
1060000	1896,08	1869,20	952,88
1065000	1896,08	1869,20	952,88
1070000	1895,63	1869,20	950,40
1075000	1895,63	1869,20	950,40
1080000	1895,63	1869,20	950,40
1085000	1895,63	1869,20	950,40
1090000	1893,14	1869,20	948,53
1095000	1893,14	1869,20	948,53
1100000	1893,14	1869,20	948,53
1105000	1893,14	1869,20	948,53
1110000	1892,88	1869,20	948,53
1115000	1892,88	1869,20	948,53
1120000	1892,88	1869,20	948,53
1125000	1892,88	1869,20	948,53
1130000	1892,88	1869,20	948,53
1135000	1892,88	1869,20	948,53
1140000	1892,88	1869,20	948,53
1145000	1892,88	1869,20	948,53
1150000	1892,88	1869,20	948,53
1155000	1892,88	1869,20	948,53
1160000	1892,28	1869,20	946,65
1165000	1892,28	1869,20	946,65
1170000	1892,28	1869,20	946,65
1175000	1892,28	1869,20	946,65
1180000	1892,28	1869,20	946,65
1185000	1892,28	1869,20	946,65
1190000	1892,28	1869,20	946,65
1195000	1892,28	1869,20	946,65
1200000	1892,28	1869,20	946,65
1205000	1892,28	1869,20	946,65
1210000	1892,28	1869,20	946,65
1215000	1892,28	1869,20	946,65
1220000	1892,28	1869,20	946,65
1225000	1892,28	1869,20	946,65
1230000	1892,28	1869,20	946,65
1235000	1892,28	1869,20	946,65
1240000	1892,28	1869,20	946,65
1245000	1892,28	1869,20	946,65
1250000	1892,28	1869,20	946,65
1255000	1892,28	1869,20	946,65
1260000	1892,28	1869,20	946,65
1265000	1892,28	1869,20	946,65
1270000	1892,28	1869,20	946,65
1275000	1892,28	1869,20	946,65
1280000	1892,28	1869,20	946,65
1285000	1892,28	1869,20	946,65
1290000	1892,28	1869,20	946,65
1295000	1892,28	1869,20	946,65
1300000	1892,28	1869,20	946,65
1305000	1892,28	1869,20	946,65
1310000	1892,28	1869,20	946,65
1315000	1892,28	1869,20	946,65
1320000	1892,28	1869,20	946,65
1325000	1892,28	1869,20	946,65
1330000	1892,28	1869,20	946,65
1335000	1892,28	1869,20	946,65
1340000	1892,28	1869,20	946,65
1345000	1892,28	1869,20	946,65
1350000	1889,60	1869,20	946,65
1355000	1889,60	1869,20	946,65
1360000	1889,60	1869,20	946,65
1365000	1889,60	1869,20	946,65
1370000	1889,60	1869,20	946,65
1375000	1889,60	1869,20	946,65
1380000	1889,60	1869,20	946,65
1385000	1889,60	1869,20	946,65
1390000	1889,60	1869,20	946,65
1395000	1889,60	1869,20	946,65
1400000	1889,60	1869,20	946,65
1405000	1889,60	1869,20	946,65
1410000	1889,60	1869,20	946,65
1415000	1889,60	1869,15	946,65
1420000	1889,60	1869,15	946,65
1425000	1886,84	1869,15	946,65
1430000	1886,84	1869,15	946,65
1435000	1886,84	1869,15	946,65
1440000	1886,84	1869,15	946,65
1445000	1886,84	1869,15	946,65
1450000	1886,84	1869,15	946,65
1455000	1886,84	1869,15	946,65
1460000	1886,84	1869,15	946,65
1465000	1886,84	1869,15	946,65
1470000	1886,84	1869,15	946,65
1475000	1886,84	1869,15	946,65
1480000	1886,84	1869,15	946,65
1485000	1886,84	1869,15	946,65
1490000	1886,84	1869,15	946,65
1495000	1886,84	1868,50	946,65
1500000	1886,84	1868,50	946,65
1505000	1886,84	1867,98	946,65
1510000	1886,84	1867,98	946,65
1515000	1886,84	1867,98	946,65
1520000	1886,84	1867,98	946,65
1525000	1886,84	1867,98	946,65
1530000	1886,84	1867,98	946,65
1535000	1886,84	1867,98	946,65
1540000	1886,84	1867,98	946,65
1545000	1886,84	1867,98	946,65
1550000	1886,84	1867,98	946,65
1555000	1886,84	1867,98	946,65
1560000	1886,84	1867,98	946,65
1565000	1886,84	1867,98	946,65
1570000	1886,84	1867,98	946,65
1575000	1886,84	1867,98	946,65
1580000	1886,84	1867,98	946,65
1585000	1886,84	1867,98	946,65
1590000	1886,84	1867,98	946,65
1595000	1886,84	1867,98	946,65
1600000	1886,84	1867,98	946,65
1605000	1886,84	1867,98	946,65
1610000	1886,84	1867,98	946,65
1615000	1886,84	1867,98	946,65
1620000	1886,84	1867,98	946,65
1625000	1886,84	1867,98	946,65
1630000	1886,84	1867,98	946,65
1635000	1886,84	1867,98	946,65
1640000	1886,84	1867,98	946,65
1645000	1886,84	1867,98	946,65
1650000	1886,84	1867,98	946,65
1655000	1886,84	1867,69	946,65
1660000	1886,84	1867,69	946,65
1665000	1886,84	1867,69	946,65
1670000	1886,84	1867,69	946,65
1675000	1886,84	1867,69	946,65
1680000	1886,84	1867,69	946,65
1685000	1886,84	1867,69	946,65
1690000	1886,84	1867,69	946,65
1695000	1886,84	1867,69	946,65
1700000	1886,84	1866,67	946,65
1705000	1886,84	1866,67	946,65
1710000	1886,84	1866,67	946,65
1715000	1886,84	1866,67	946,65
1720000	1886,84	1866,67	946,65
1725000	1886,84	1866,67	946,65
1730000	1886,84	1866,67	946,65
1735000	1886,84	1866,67	946,65
1740000	1886,84	1866,67	946,65
1745000	1886,84	1866,67	946,65
1750000	1886,84	1866,67	946,65
1755000	1886,84	1866,67	946,65
1760000	1886,84	1866,67	946,65
1765000	1886,84	1866,15	946,65
1770000	1886,84	1866,15	946,65
1775000	1886,84	1866,15	946,65
1780000	1886,84	1866,15	946,65
1785000	1886,84	1866,15	946,65

=== MELHOR SOLUCAO (Fitness Ponderado Minimo) ===
Fitness Ponderado: 4716,029336
Distancia: 1886,84
Tempo: 1877,14
Combustivel: 946,80

Veiculo 0: 6 clientes, demanda: 88/200, rota: [65, 71, 9, 20, 32, 70]
Veiculo 1: 6 clientes, demanda: 83/200, rota: [36, 47, 7, 8, 46, 48]
Veiculo 2: 8 clientes, demanda: 96/200, rota: [63, 62, 11, 90, 10, 60, 89, 58]
Veiculo 3: 7 clientes, demanda: 110/200, rota: [14, 98, 61, 85, 37, 91, 100]
Veiculo 4: 7 clientes, demanda: 81/200, rota: [45, 83, 18, 84, 96, 17, 93]
Veiculo 5: 8 clientes, demanda: 83/200, rota: [92, 95, 21, 40, 53, 54, 24, 80]
Veiculo 6: 7 clientes, demanda: 109/200, rota: [72, 75, 73, 22, 56, 4, 77]
Veiculo 7: 6 clientes, demanda: 143/200, rota: [59, 5, 16, 86, 97, 13]
Veiculo 8: 6 clientes, demanda: 60/200, rota: [42, 15, 87, 57, 74, 25]
Veiculo 9: 3 clientes, demanda: 44/200, rota: [64, 66, 1]
Veiculo 10: 6 clientes, demanda: 120/200, rota: [28, 12, 76, 79, 3, 68]
Veiculo 11: 4 clientes, demanda: 87/200, rota: [39, 23, 67, 55]
Veiculo 12: 3 clientes, demanda: 29/200, rota: [2, 41, 26]
Veiculo 13: 3 clientes, demanda: 41/200, rota: [44, 38, 43]
Veiculo 14: 3 clientes, demanda: 50/200, rota: [33, 81, 50]
Veiculo 15: 2 clientes, demanda: 36/200, rota: [31, 88]
Veiculo 16: 4 clientes, demanda: 34/200, rota: [29, 78, 34, 35]
Veiculo 17: 3 clientes, demanda: 63/200, rota: [82, 19, 49]
Veiculo 18: 2 clientes, demanda: 36/200, rota: [99, 94]
Veiculo 19: 3 clientes, demanda: 37/200, rota: [69, 30, 51]
Veiculo 20: 3 clientes, demanda: 28/200, rota: [27, 52, 6]
