# VRP NSGA-III - Frente de Pareto
# Tempo: 500119 ms | Tamanho: 17
# Formato: Distancia Tempo Combustivel FitnessPonderado

1892,280479 1878,308024 946,650000 4722,488503
1899,586596 1872,198032 951,150000 4728,184627
1902,488743 1873,365738 951,000000 4732,104481
1886,839018 1877,140318 946,800000 4716,029336
1901,210900 1871,241509 952,875000 4730,577409
1915,844598 1867,983803 964,275000 4753,353401
1896,785612 1875,533761 951,900000 4729,469373
1900,635778 1869,356197 955,350000 4730,591976
1896,195915 1874,679559 953,625000 4729,750475
1925,611425 1866,674809 969,975000 4767,511234
1899,542623 1872,198032 952,875000 4729,865654
1909,749016 1868,504601 957,675000 4741,178616
1891,002636 1876,183795 948,525000 4720,961431
1903,232277 1869,154635 955,350000 4732,986912
1933,201250 1866,154011 975,975000 4780,580261
1909,015253 1868,504601 958,725000 4741,494854
1896,009060 1875,310526 952,950000 4729,519586
