# VRP NSGA-III - Frente de Pareto
# Tempo: 485921 ms | Tamanho: 19
# Formato: Distancia Tempo Combustivel FitnessPonderado

1907,465970 1911,571958 959,850000 4778,112928
1931,787920 1896,668278 969,300000 4796,981198
1906,161102 1912,739664 959,850000 4777,975766
1918,670515 1900,430807 966,000000 4784,326321
1915,796679 1902,260599 961,575000 4778,857278
1994,126167 1892,084264 1007,175000 4861,826595
1904,883259 1910,615436 961,725000 4776,448695
2007,004861 1892,078566 1015,425000 4882,949590
1915,346557 1902,260599 963,450000 4780,282156
1906,611224 1912,739664 957,975000 4776,550888
1981,868541 1893,084264 1002,600000 4875,453249
1919,708737 1897,318313 964,200000 4780,452050
1974,362699 1893,207917 996,450000 4863,245615
1928,285208 1894,274916 969,825000 4791,610124
2029,328646 1889,388294 1022,550000 4908,971842
1914,941933 1903,428305 959,700000 4777,295238
1918,482084 1901,812126 967,350000 4786,869210
1909,500473 1902,260599 959,850000 4770,836071
1934,068184 1893,624882 973,200000 4800,118066
