# VRP NSGA-III - Frente de Pareto
# Tempo: 497919 ms | Tamanho: 34
# Formato: Distancia Tempo Combustivel FitnessPonderado

1954,182510 1876,652228 984,375000 4794,205244
1911,440858 1896,719758 964,425000 4771,810616
1896,512221 1901,808024 949,800000 4747,345245
1925,878452 1894,741509 964,725000 4784,569962
1942,879879 1877,525498 978,225000 4777,625883
1914,919323 1896,865738 957,300000 4768,310061
1934,791229 1879,650244 969,750000 4763,186979
1905,657881 1897,369793 961,050000 4763,302674
1925,130966 1893,237273 966,000000 4783,593240
1953,091522 1875,211496 986,925000 4794,223524
1944,157722 1879,649726 976,350000 4779,152955
1966,578292 1875,169035 991,575000 4812,317834
1895,234378 1899,683795 951,675000 4745,818173
1912,753788 1896,865738 957,225000 4766,069526
1924,944111 1893,868240 965,325000 4783,362351
1945,462590 1878,482020 977,550000 4780,490116
1954,369365 1876,021262 985,050000 4794,436133
1924,064984 1892,427507 968,550000 4784,267491
1913,641480 1894,741509 959,175000 4766,782990
1933,949458 1884,592012 971,925000 4769,461976
1923,050934 1894,741509 966,450000 4783,467444
1936,069072 1881,774472 967,875000 4764,714050
1906,723864 1898,179559 958,500000 4762,628423
1954,516375 1875,403884 986,250000 4794,585483
1901,229215 1899,033761 955,725000 4755,212976
1977,569027 1874,690698 1000,950000 4832,205232
1929,847960 1891,777473 971,925000 4792,775433
1934,435084 1880,506317 969,000000 4762,936907
1894,980831 1902,161037 954,825000 4751,191867
1922,834952 1894,293037 967,350000 4783,702989
1946,280715 1878,146008 976,575000 4779,997229
1955,330920 1875,664480 982,350000 4792,340906
1978,993880 1874,883086 1000,275000 4832,567190
1935,857211 1881,774472 968,400000 4765,027190
