# VRP NSGA-III - Frente de Pareto
# Tempo: 486967 ms | Tamanho: 24
# Formato: Distancia Tempo Combustivel FitnessPonderado

1902,887040 1899,990283 956,250000 4758,352323
1917,043846 1891,048078 964,500000 4771,816924
1896,133017 1908,761945 955,950000 4760,069962
1896,249318 1901,808024 951,000000 4748,282341
1906,457582 1896,865738 955,350000 4757,898320
1933,830075 1882,467783 974,175000 4769,468365
1900,904929 1900,640318 952,875000 4753,645247
1909,095334 1891,698113 957,225000 4757,243447
1905,179739 1894,741509 957,225000 4756,371248
1964,983329 1870,970841 990,900000 4805,849676
1966,261172 1871,780607 989,025000 4806,062285
1904,816987 1895,698032 955,500000 4755,240019
1989,460834 1870,450043 1004,925000 4843,831383
1897,104063 1900,640318 952,875000 4749,844381
1936,082650 1884,784400 972,300000 4771,582273
1919,306977 1889,384111 965,925000 4773,841088
1925,089953 1888,734076 969,300000 4782,349030
1948,455453 1872,369661 985,875000 4785,695621
1954,771686 1873,284843 982,200000 4789,252035
1929,540098 1887,870600 971,925000 4774,720173
1952,768945 1873,011313 982,725000 4786,920481
1937,297750 1876,798718 971,175000 4763,686692
1938,243811 1874,683663 977,175000 4769,097980
1904,112253 1899,683795 955,350000 4758,371049
