# VRP NSGA-III - Frente de Pareto
# Tempo: 471754 ms | Tamanho: 45
# Formato: Distancia Tempo Combustivel FitnessPonderado

1902,258472 1885,480401 953,925000 4700,884098
1902,439741 1869,505262 953,925000 4684,749984
1945,866098 1858,255364 978,825000 4724,302849
1888,098463 1894,080617 952,725000 4701,024846
1897,363815 1886,310864 954,300000 4704,095445
1912,624388 1865,711886 959,775000 4696,410973
1895,443087 1885,354342 954,975000 4701,893195
1901,198683 1885,681963 953,925000 4700,025872
1911,609783 1868,947378 958,275000 4697,712142
1899,177154 1885,947378 953,175000 4704,420298
1931,311331 1860,211886 971,850000 4734,188886
1891,284955 1888,629490 946,950000 4692,985212
1890,225166 1888,831052 946,950000 4692,126985
1898,117365 1886,148940 953,175000 4703,562072
1917,945863 1865,519498 962,175000 4704,520343
1903,717585 1871,629490 952,050000 4686,277056
1888,947323 1886,706824 948,825000 4690,599914
1927,115905 1863,689706 968,325000 4718,010593
1889,795252 1886,505262 949,350000 4691,771280
1931,517834 1863,005262 970,575000 4707,034765
1901,179237 1882,505262 957,075000 4692,223950
1976,020370 1856,013925 995,250000 4769,220965
1899,158966 1884,392822 957,525000 4707,197554
1941,702481 1859,211886 976,425000 4718,695754
1890,007112 1886,505262 948,825000 4691,458140
1968,638707 1856,038786 992,175000 4758,789162
1921,126685 1864,005262 966,000000 4722,527897
1936,632806 1860,019498 974,250000 4742,298255
1958,247557 1857,038786 987,600000 4774,282294
1936,706269 1859,062976 977,400000 4744,565196
1900,218755 1884,191260 957,525000 4708,055781
1918,019326 1864,562976 965,325000 4706,787283
1900,967376 1882,505262 957,600000 4692,537090
1951,766635 1857,912056 986,325000 4767,399642
1930,296727 1863,447378 970,350000 4735,490055
1949,924936 1858,062976 983,175000 4733,099582
1943,756040 1859,060966 979,050000 4752,682675
1962,369645 1856,912056 990,375000 4751,593370
1931,305973 1863,005262 971,100000 4707,347904
1956,193998 1857,189706 984,975000 4740,295373
1920,914824 1864,005262 966,525000 4722,841037
1953,172458 1857,868578 983,625000 4736,602706
1951,978496 1857,912056 985,800000 4767,086502
1902,227881 1869,505262 954,450000 4685,063124
1945,802848 1858,189706 980,400000 4755,788505
