# VRP NSGA-III - Frente de Pareto
# Tempo: 484009 ms | Tamanho: 17
# Formato: Distancia Tempo Combustivel FitnessPonderado

1921,019128 1877,868036 968,475000 4772,612164
1896,569811 1916,060868 954,750000 4766,605679
1943,741505 1864,845669 976,875000 4790,712175
1913,707521 1878,690524 967,500000 4765,148045
1919,959340 1878,069598 968,475000 4771,753937
1922,305833 1865,445488 971,475000 4764,476321
1911,296906 1884,022585 962,250000 4762,819490
1895,715065 1917,228574 952,875000 4765,043639
1910,237117 1884,224147 962,250000 4761,961264
1911,792986 1880,059792 965,625000 4762,727778
1912,647732 1878,892086 967,500000 4764,289818
1923,738863 1877,709141 970,575000 4777,273004
1915,014650 1882,803676 964,125000 4767,193326
1931,475875 1863,615696 977,625000 4777,966571
1895,714749 1888,886424 956,400000 4746,251174
1942,463662 1862,721441 978,750000 4789,185103
1918,608514 1883,200096 963,225000 4770,283610
