# VRP NSGA-III - Frente de Pareto
# Tempo: 505775 ms | Tamanho: 12
# Formato: Distancia Tempo Combustivel FitnessPonderado

1916,854924 1861,664480 962,925000 4746,694404
1895,001849 1872,522587 951,150000 4723,924436
1905,783004 1861,664480 955,725000 4728,422484
1884,793585 1877,464873 946,800000 4714,308457
1895,574740 1866,606766 951,375000 4718,806506
1892,621995 1876,490283 950,175000 4724,537278
1893,963627 1875,635081 952,950000 4727,798707
1886,839018 1877,140318 946,800000 4716,029336
1897,047283 1872,198032 951,150000 4725,645314
1905,332882 1861,664480 957,600000 4729,847362
1931,845089 1859,834688 972,300000 4769,229778
1892,576180 1867,796970 954,000000 4719,623150
