# VRP NSGA-III - Frente de Pareto
# Tempo: 489123 ms | Tamanho: 28
# Formato: Distancia Tempo Combustivel FitnessPonderado

1911,400241 1906,397264 959,700000 4776,722504
1935,361840 1894,857555 972,750000 4802,194395
1914,941933 1903,428305 959,700000 4777,295238
1925,150197 1898,486019 964,050000 4786,911216
1935,174985 1895,488521 972,075000 4801,963506
1920,330662 1899,330750 965,925000 4784,811411
1910,122397 1904,273035 961,575000 4775,195433
1919,669002 1906,397264 959,100000 4784,391266
1976,141800 1892,365365 994,875000 4818,416544
1991,306274 1890,905564 1000,800000 4838,046218
1903,707067 1910,886173 954,600000 4768,418240
1934,724863 1895,488521 973,950000 4803,388384
1991,377595 1890,397754 998,400000 4847,880251
1976,213120 1891,857555 994,350000 4830,125577
1939,866974 1893,397754 978,000000 4810,489727
1904,561812 1909,718467 956,475000 4769,980280
1923,872354 1896,361791 965,925000 4785,384145
1934,083997 1894,047788 974,625000 4801,981786
1981,924776 1891,715330 998,250000 4826,924485
1913,664090 1901,304076 961,575000 4775,768166
1981,996096 1891,207520 997,725000 4838,633519
1985,594618 1891,047788 995,025000 4839,372309
2015,855100 1889,876956 1012,425000 4885,861958
1952,491451 1892,876956 987,675000 4832,268408
1929,655331 1895,711756 969,300000 4793,892087
2003,930752 1890,384767 1010,475000 4859,824898
1985,523298 1891,555599 997,425000 4829,538276
1978,062591 1891,757161 1000,875000 4825,729131
