# VRP NSGA-III - Frente de Pareto
# Tempo: 492411 ms | Tamanho: 10
# Formato: Distancia Tempo Combustivel FitnessPonderado

1943,958352 1858,042868 978,225000 4785,476220
1968,435857 1857,522071 992,250000 4823,457928
1913,286525 1859,608831 961,800000 4739,945357
1937,764030 1859,088034 975,825000 4777,927064
1965,731009 1857,522071 992,475000 4820,978080
1901,566072 1906,397264 957,975000 4765,163335
1902,420817 1905,229558 959,850000 4766,725375
1898,265606 1909,718467 955,950000 4763,159073
1904,116483 1861,438623 955,650000 4726,455107
1902,901383 1869,424306 956,775000 4734,350688
