# VRP NSGA-III - Frente de Pareto
# Tempo: 487051 ms | Tamanho: 26
# Formato: Distancia Tempo Combustivel FitnessPonderado

1912,168609 1908,895129 969,450000 4789,738737
1902,007279 1910,615436 959,325000 4771,172715
1923,413726 1906,075877 965,925000 4780,799077
1899,471958 1917,228574 953,400000 4769,325532
1932,195936 1873,136169 971,925000 4782,507104
1921,298015 1906,869838 965,925000 4780,329145
1933,518784 1889,869838 971,550000 4773,934128
1912,952876 1908,141673 960,300000 4767,630840
1922,826995 1903,952843 971,925000 4797,929838
1908,856238 1912,089630 958,875000 4779,045867
1903,285122 1912,739664 957,450000 4772,699786
1915,068587 1907,347711 960,300000 4768,100773
1916,128376 1907,146149 960,300000 4768,959000
1912,618731 1908,895129 967,575000 4788,313859
1933,730644 1889,869838 971,025000 4773,620989
1922,353937 1906,277439 965,925000 4779,940850
1911,213357 1909,851651 966,375000 4786,665008
1921,086155 1906,869838 966,450000 4780,642284
1920,238226 1907,071400 965,925000 4779,470918
1920,881111 1905,903694 968,325000 4781,346097
1921,076093 1904,153210 967,800000 4778,413779
1905,254935 1916,578539 955,500000 4776,558474
1923,201865 1906,075877 966,450000 4781,112217
1914,012665 1907,940110 960,300000 4768,489067
1927,398256 1901,646149 966,300000 4793,244850
1924,455602 1891,725742 968,850000 4790,281344
