# VRP NSGA-III - Frente de Pareto
# Tempo: 499608 ms | Tamanho: 12
# Formato: Distancia Tempo Combustivel FitnessPonderado

1285,396687 1267,265275 653,850000 3209,511962
1293,379724 1258,285953 657,000000 3211,665677
1290,732918 1270,980968 651,525000 3216,238885
1282,397510 1268,934065 654,450000 3208,781575
1291,979646 1258,639692 657,000000 3210,619338
1287,507424 1266,184912 653,250000 3209,942336
1286,643416 1254,923999 659,325000 3203,892415
1288,819395 1272,569881 652,125000 3216,514276
1283,483165 1268,854188 654,450000 3209,787353
1288,043494 1254,570260 659,325000 3204,938754
1289,526591 1272,569881 651,525000 3216,621472
1292,843654 1269,900605 650,925000 3216,669259
