Subpopulacao\Geracao	gFinal
NSGA3_DistanciaMin	1623,23
NSGA3_TempoMin	1390,26
NSGA3_CombustivelMin	820,95
NSGA3_DistanciaMedia	1640,90
NSGA3_TempoMedio	1403,40
NSGA3_CombustivelMedio	827,82
NSGA3_FitnessPonderadoMin	3862,77
NSGA3_FitnessPonderadoMedio	3875,62
NSGA3_TamanhoFrente	15
TempoExecucao(ms)	493627
Parametros	Pop=600; Geracoes=3000; Pc=1,00; Pm=0,01

=== DIAGNOSTICO ===
Solucoes criadas: 596
Total avaliacoes: 1788596
Solucoes unicas: 29989

=== HISTORICO DE EVOLUCAO ===
Eval	BestDist	BestTime	BestFuel
5000	1921,96	1547,18	980,93
10000	1916,12	1547,18	978,82
15000	1911,59	1534,47	973,80
20000	1911,59	1532,89	973,80
25000	1905,63	1532,56	971,70
30000	1896,75	1522,93	966,22
35000	1884,52	1522,35	958,58
40000	1876,45	1522,35	953,32
45000	1876,45	1516,21	953,32
50000	1876,45	1516,21	953,32
55000	1868,10	1515,62	952,35
60000	1861,04	1515,07	945,82
65000	1861,04	1511,77	945,82
70000	1848,09	1507,06	942,07
75000	1848,09	1507,06	942,07
80000	1845,88	1497,66	937,72
85000	1811,69	1497,66	920,25
90000	1811,69	1495,37	920,25
95000	1811,69	1492,33	920,25
100000	1805,52	1484,41	919,05
105000	1804,87	1484,41	915,90
110000	1790,04	1478,24	911,02
115000	1790,04	1473,25	911,02
120000	1789,36	1473,25	907,35
125000	1789,36	1473,25	907,35
130000	1789,23	1471,52	907,35
135000	1787,38	1470,71	906,75
140000	1783,84	1467,13	905,70
145000	1779,72	1467,13	901,35
150000	1779,72	1457,16	901,35
155000	1779,72	1457,16	901,35
160000	1773,50	1457,16	898,20
165000	1773,50	1457,16	898,20
170000	1773,50	1456,69	898,20
175000	1773,50	1454,06	898,20
180000	1767,64	1452,17	896,78
185000	1767,64	1448,28	896,78
190000	1766,81	1448,28	891,97
195000	1762,62	1445,12	891,97
200000	1762,62	1445,12	891,97
205000	1762,62	1445,12	891,97
210000	1762,62	1445,12	891,97
215000	1762,62	1443,07	891,97
220000	1762,62	1442,42	891,97
225000	1761,25	1440,98	891,97
230000	1758,05	1439,30	889,88
235000	1757,25	1438,87	889,88
240000	1757,25	1437,44	888,45
245000	1755,87	1437,43	887,93
250000	1752,55	1437,16	887,93
255000	1752,55	1436,60	883,72
260000	1752,55	1436,30	883,72
265000	1752,55	1436,30	883,72
270000	1750,47	1433,06	883,72
275000	1750,47	1433,06	883,72
280000	1747,90	1432,86	883,72
285000	1747,90	1432,86	883,72
290000	1747,77	1432,86	883,72
295000	1744,70	1432,86	882,30
300000	1735,22	1432,86	878,78
305000	1735,22	1432,47	878,78
310000	1735,22	1432,11	878,78
315000	1735,22	1432,11	878,78
320000	1735,22	1430,29	878,78
325000	1735,22	1430,29	878,78
330000	1735,22	1430,29	878,78
335000	1735,22	1430,29	878,78
340000	1718,52	1430,29	870,83
345000	1718,52	1430,29	870,83
350000	1718,52	1427,02	870,83
355000	1718,52	1427,02	870,83
360000	1718,52	1425,47	870,83
365000	1718,52	1425,47	870,83
370000	1718,52	1424,94	870,83
375000	1716,42	1424,02	870,83
380000	1716,42	1424,02	867,98
385000	1714,74	1421,44	867,98
390000	1714,74	1420,19	866,18
395000	1711,78	1418,14	866,18
400000	1711,26	1418,14	866,18
405000	1711,26	1415,52	861,83
410000	1711,26	1415,52	861,83
415000	1708,33	1415,52	861,22
420000	1708,33	1414,30	861,22
425000	1706,47	1412,55	861,22
430000	1706,47	1411,86	861,15
435000	1706,47	1411,86	861,15
440000	1704,79	1410,76	858,82
445000	1702,49	1406,04	856,88
450000	1702,49	1406,04	856,88
455000	1698,80	1406,04	856,88
460000	1698,80	1402,21	856,88
465000	1692,97	1402,21	852,53
470000	1692,97	1402,21	852,53
475000	1692,97	1402,21	852,53
480000	1692,97	1402,21	852,53
485000	1692,97	1402,21	852,53
490000	1692,97	1402,21	852,53
495000	1690,61	1402,21	852,53
500000	1690,61	1401,92	852,53
505000	1690,61	1401,66	851,85
510000	1677,66	1401,66	843,30
515000	1677,66	1399,73	843,30
520000	1677,66	1396,89	843,30
525000	1669,03	1396,89	840,15
530000	1668,13	1396,89	838,95
535000	1668,13	1396,89	838,95
540000	1666,00	1396,89	837,52
545000	1666,00	1396,89	837,52
550000	1666,00	1396,89	837,52
555000	1666,00	1396,89	837,52
560000	1666,00	1396,26	837,52
565000	1666,00	1396,26	837,52
570000	1666,00	1396,26	837,52
575000	1664,66	1396,26	837,52
580000	1657,37	1395,94	834,52
585000	1657,37	1395,43	834,52
590000	1657,37	1394,80	834,52
595000	1657,37	1394,80	834,52
600000	1657,37	1394,80	833,18
605000	1657,37	1394,80	833,18
610000	1657,37	1394,80	833,18
615000	1657,37	1394,80	833,18
620000	1657,37	1394,80	833,18
625000	1657,37	1394,37	833,18
630000	1654,51	1394,37	833,18
635000	1654,51	1390,73	833,18
640000	1654,51	1390,73	833,18
645000	1654,51	1390,73	833,18
650000	1654,51	1390,73	833,18
655000	1654,51	1390,73	833,18
660000	1654,51	1390,73	833,18
665000	1654,51	1390,73	833,18
670000	1654,51	1390,73	833,18
675000	1645,88	1390,73	828,82
680000	1645,88	1390,73	828,82
685000	1645,88	1390,73	828,82
690000	1645,88	1390,73	828,82
695000	1645,88	1390,73	828,82
700000	1645,88	1390,73	828,82
705000	1645,88	1389,27	828,82
710000	1645,88	1389,27	828,82
715000	1645,88	1389,27	828,82
720000	1645,88	1389,27	828,82
725000	1645,88	1389,27	828,82
730000	1645,88	1389,27	828,82
735000	1645,88	1389,27	828,82
740000	1645,88	1389,27	828,82
745000	1645,88	1389,27	828,82
750000	1645,88	1386,17	828,82
755000	1645,88	1386,17	828,82
760000	1645,88	1386,17	828,82
765000	1645,88	1386,17	828,82
770000	1645,88	1386,17	828,82
775000	1645,88	1386,17	828,82
780000	1645,88	1386,17	828,82
785000	1645,88	1386,17	828,82
790000	1645,88	1386,17	828,82
795000	1645,88	1386,17	828,82
800000	1645,88	1385,74	828,82
805000	1645,88	1385,74	828,82
810000	1645,88	1385,74	828,82
815000	1645,88	1385,74	828,82
820000	1645,88	1385,74	828,82
825000	1645,88	1385,74	828,82
830000	1643,49	1385,74	828,37
835000	1643,49	1385,74	828,37
840000	1643,49	1385,74	828,37
845000	1643,49	1385,74	828,37
850000	1643,49	1385,74	828,37
855000	1643,49	1385,74	828,37
860000	1643,49	1385,74	828,37
865000	1643,49	1385,74	828,37
870000	1643,49	1385,74	828,37
875000	1643,49	1385,74	828,37
880000	1643,49	1385,74	828,37
885000	1643,49	1385,74	828,37
890000	1643,49	1385,74	828,37
895000	1643,49	1385,74	828,37
900000	1643,49	1385,74	828,37
905000	1643,49	1385,74	828,37
910000	1643,49	1385,74	828,37
915000	1643,49	1385,74	828,37
920000	1643,49	1385,74	828,37
925000	1643,49	1385,74	828,37
930000	1643,49	1385,74	828,37
935000	1643,49	1385,74	828,37
940000	1638,81	1385,74	826,65
945000	1638,81	1385,74	826,65
950000	1638,07	1385,74	826,65
955000	1638,07	1385,74	826,65
960000	1638,07	1385,74	826,65
965000	1638,07	1385,74	826,65
970000	1638,07	1385,74	826,65
975000	1635,37	1385,74	826,65
980000	1635,37	1385,74	826,65
985000	1635,37	1385,74	826,65
990000	1635,37	1385,74	826,65
995000	1635,37	1385,74	826,65
1000000	1635,37	1385,74	826,65
1005000	1635,37	1385,74	826,65
1010000	1635,37	1385,74	826,65
1015000	1635,24	1385,74	826,65
1020000	1635,24	1385,74	826,65
1025000	1635,24	1385,74	826,65
1030000	1635,24	1385,74	826,65
1035000	1635,24	1385,74	826,65
1040000	1635,24	1385,74	826,65
1045000	1635,24	1385,74	826,65
1050000	1635,24	1385,74	826,65
1055000	1635,24	1385,74	826,65
1060000	1635,24	1385,74	826,65
1065000	1634,65	1385,74	826,65
1070000	1634,65	1385,74	826,65
1075000	1634,65	1385,74	826,65
1080000	1634,65	1385,74	826,65
1085000	1634,65	1385,74	826,65
1090000	1634,65	1385,74	826,65
1095000	1634,65	1385,74	826,65
1100000	1634,65	1385,74	826,65
1105000	1634,65	1385,74	826,65
1110000	1634,65	1385,74	826,43
1115000	1630,98	1385,74	823,35
1120000	1630,98	1385,74	823,35
1125000	1630,98	1385,74	823,35
1130000	1630,98	1385,74	823,35
1135000	1630,98	1385,74	823,35
1140000	1630,98	1385,74	823,35
1145000	1630,98	1385,74	823,35
1150000	1630,85	1385,74	823,35
1155000	1630,85	1385,74	823,35
1160000	1630,85	1385,74	823,35
1165000	1630,85	1385,74	823,35
1170000	1630,85	1385,74	823,35
1175000	1630,85	1385,74	823,35
1180000	1630,85	1385,74	823,20
1185000	1630,85	1385,74	822,82
1190000	1630,85	1385,74	822,82
1195000	1630,85	1385,74	822,82
1200000	1630,85	1385,74	822,82
1205000	1630,85	1385,74	822,82
1210000	1630,85	1385,74	822,82
1215000	1630,85	1385,74	822,82
1220000	1630,85	1385,74	822,82
1225000	1630,85	1385,74	822,82
1230000	1630,85	1385,74	822,82
1235000	1630,85	1385,74	822,82
1240000	1630,85	1385,74	822,68
1245000	1630,66	1385,74	822,68
1250000	1630,66	1385,74	822,68
1255000	1630,66	1385,74	822,68
1260000	1630,66	1385,74	822,68
1265000	1630,66	1385,74	822,68
1270000	1630,66	1385,74	822,68
1275000	1630,66	1385,74	822,68
1280000	1630,66	1385,74	822,68
1285000	1630,66	1385,74	822,68
1290000	1630,66	1385,74	822,68
1295000	1630,66	1385,74	822,68
1300000	1630,66	1385,74	822,68
1305000	1630,66	1385,74	822,68
1310000	1630,66	1385,74	822,68
1315000	1630,66	1385,74	822,68
1320000	1630,66	1385,74	822,68
1325000	1630,66	1385,74	822,68
1330000	1630,66	1385,74	822,68
1335000	1630,66	1385,74	822,68
1340000	1630,66	1385,74	822,68
1345000	1630,66	1385,74	822,68
1350000	1630,66	1385,74	822,68
1355000	1630,66	1385,74	822,68
1360000	1630,66	1385,74	822,68
1365000	1630,66	1385,74	822,68
1370000	1630,66	1385,74	822,68
1375000	1630,66	1385,74	822,68
1380000	1630,66	1385,74	822,68
1385000	1630,66	1385,74	822,68
1390000	1630,66	1385,74	822,68
1395000	1630,66	1385,74	822,68
1400000	1630,66	1385,74	822,68
1405000	1630,66	1385,74	822,68
1410000	1630,66	1385,74	822,68
1415000	1630,66	1385,74	822,68
1420000	1630,66	1385,74	822,68
1425000	1630,66	1385,74	822,68
1430000	1630,66	1385,74	822,68
1435000	1630,66	1385,74	822,68
1440000	1630,66	1385,74	820,95
1445000	1630,66	1385,74	820,95
1450000	1630,66	1385,74	820,95
1455000	1630,66	1385,74	820,95
1460000	1630,66	1385,74	820,95
1465000	1630,66	1385,74	820,95
1470000	1630,66	1385,74	820,95
1475000	1630,66	1385,74	820,95
1480000	1630,66	1385,74	820,95
1485000	1630,66	1385,74	820,95
1490000	1630,66	1385,74	820,95
1495000	1630,66	1385,74	820,95
1500000	1630,66	1385,74	820,95
1505000	1630,66	1385,74	820,95
1510000	1628,69	1385,74	820,95
1515000	1628,69	1385,74	820,95
1520000	1628,69	1385,74	820,95
1525000	1627,13	1385,74	820,95
1530000	1627,13	1385,74	820,95
1535000	1627,13	1385,74	820,95
1540000	1627,13	1385,74	820,95
1545000	1627,13	1385,74	820,95
1550000	1627,13	1385,74	820,95
1555000	1626,80	1385,74	820,95
1560000	1626,80	1385,74	820,95
1565000	1626,80	1385,74	820,95
1570000	1626,80	1385,74	820,95
1575000	1626,80	1385,74	820,95
1580000	1626,80	1385,74	820,95
1585000	1626,80	1385,74	820,95
1590000	1626,80	1385,74	820,95
1595000	1626,80	1385,74	820,95
1600000	1626,80	1385,74	820,95
1605000	1626,80	1385,74	820,95
1610000	1624,43	1385,74	820,95
1615000	1624,43	1385,74	820,95
1620000	1624,43	1385,74	820,95
1625000	1624,43	1385,74	820,95
1630000	1624,43	1385,74	820,95
1635000	1624,43	1385,74	820,95
1640000	1624,43	1385,74	820,95
1645000	1624,43	1385,74	820,95
1650000	1624,43	1385,74	820,95
1655000	1624,43	1385,74	820,95
1660000	1624,43	1385,74	820,95
1665000	1624,43	1385,74	820,95
1670000	1624,43	1385,74	820,95
1675000	1624,43	1385,74	820,95
1680000	1624,43	1385,74	820,95
1685000	1624,43	1385,74	820,95
1690000	1624,43	1385,74	820,95
1695000	1624,43	1385,74	820,95
1700000	1624,43	1385,74	820,95
1705000	1624,43	1385,74	820,95
1710000	1624,43	1385,74	820,95
1715000	1624,43	1385,74	820,95
1720000	1624,43	1385,74	820,95
1725000	1624,43	1385,74	820,95
1730000	1624,43	1385,74	820,95
1735000	1624,43	1385,74	820,95
1740000	1624,43	1385,74	820,95
1745000	1624,43	1385,74	820,95
1750000	1624,43	1385,74	820,95
1755000	1624,43	1385,74	820,95
1760000	1623,23	1385,74	820,95
1765000	1623,23	1385,74	820,95
1770000	1623,23	1385,74	820,95
1775000	1623,23	1385,74	820,95
1780000	1623,23	1385,74	820,95
1785000	1623,23	1385,74	820,95

=== MELHOR SOLUCAO (Fitness Ponderado Minimo) ===
Fitness Ponderado: 3862,771030
Distancia: 1625,93
Tempo: 1412,24
Combustivel: 821,10

Veiculo 0: 9 clientes, demanda: 150/200, rota: [65, 9, 87, 74, 86, 57, 66, 91, 80]
Veiculo 1: 8 clientes, demanda: 141/200, rota: [27, 31, 29, 50, 62, 84, 56, 68]
Veiculo 2: 8 clientes, demanda: 117/200, rota: [92, 33, 30, 28, 26, 32, 34, 93]
Veiculo 3: 10 clientes, demanda: 181/200, rota: [83, 64, 22, 19, 21, 18, 48, 49, 20, 24]
Veiculo 4: 8 clientes, demanda: 137/200, rota: [69, 98, 82, 99, 23, 25, 77, 58]
Veiculo 5: 10 clientes, demanda: 193/200, rota: [14, 17, 47, 15, 16, 13, 11, 10, 60, 55]
Veiculo 6: 7 clientes, demanda: 88/200, rota: [95, 63, 85, 67, 94, 54, 96]
Veiculo 7: 8 clientes, demanda: 140/200, rota: [8, 7, 3, 5, 45, 4, 46, 1]
Veiculo 8: 6 clientes, demanda: 106/200, rota: [88, 12, 79, 73, 78, 53]
Veiculo 9: 4 clientes, demanda: 73/200, rota: [52, 59, 75, 97]
Veiculo 10: 5 clientes, demanda: 82/200, rota: [2, 6, 90, 100, 70]
Veiculo 11: 5 clientes, demanda: 79/200, rota: [61, 42, 40, 43, 44]
Veiculo 12: 5 clientes, demanda: 97/200, rota: [72, 71, 51, 76, 89]
Veiculo 13: 7 clientes, demanda: 140/200, rota: [81, 41, 38, 37, 35, 36, 39]
