Subpopulacao\Geracao	gFinal
NSGA3_DistanciaMin	1626,67
NSGA3_TempoMin	1367,13
NSGA3_CombustivelMin	821,63
NSGA3_DistanciaMedia	1632,55
NSGA3_TempoMedio	1374,83
NSGA3_CombustivelMedio	824,04
NSGA3_FitnessPonderadoMin	3829,55
NSGA3_FitnessPonderadoMedio	3834,92
NSGA3_TamanhoFrente	15
TempoExecucao(ms)	518279
Parametros	Pop=600; Geracoes=3000; Pc=1,00; Pm=0,01

=== DIAGNOSTICO ===
Solucoes criadas: 596
Total avaliacoes: 1788596
Solucoes unicas: 33553

=== HISTORICO DE EVOLUCAO ===
Eval	BestDist	BestTime	BestFuel
5000	1926,49	1555,80	985,95
10000	1926,49	1555,80	985,95
15000	1921,96	1547,05	979,05
20000	1911,47	1544,30	974,40
25000	1911,47	1543,08	974,40
30000	1901,55	1533,15	966,90
35000	1896,10	1531,44	966,90
40000	1891,54	1528,71	965,25
45000	1871,94	1527,29	956,55
50000	1871,94	1525,32	956,55
55000	1871,53	1522,52	956,55
60000	1870,18	1517,18	953,93
65000	1870,18	1517,09	953,93
70000	1833,80	1510,45	936,60
75000	1833,80	1510,45	936,60
80000	1826,47	1508,98	931,72
85000	1823,83	1508,98	931,72
90000	1812,14	1505,59	927,38
95000	1812,14	1505,59	927,38
100000	1812,14	1504,11	926,55
105000	1803,97	1500,02	922,72
110000	1797,66	1500,02	917,33
115000	1790,49	1500,02	913,65
120000	1790,49	1495,03	913,65
125000	1788,55	1493,98	908,63
130000	1787,53	1485,71	908,63
135000	1779,92	1485,71	907,57
140000	1779,40	1481,96	905,63
145000	1774,91	1481,96	903,98
150000	1772,86	1475,38	903,30
155000	1772,86	1469,27	903,30
160000	1757,28	1469,27	894,45
165000	1757,27	1469,27	893,85
170000	1755,41	1465,92	893,85
175000	1755,41	1464,92	893,85
180000	1752,76	1463,78	888,30
185000	1752,76	1463,78	888,30
190000	1747,13	1462,13	888,30
195000	1747,13	1457,90	885,15
200000	1747,13	1456,90	884,93
205000	1747,13	1450,84	884,93
210000	1735,07	1450,84	879,90
215000	1735,07	1450,84	879,90
220000	1735,07	1448,54	879,90
225000	1732,67	1448,54	876,45
230000	1731,91	1442,48	875,70
235000	1731,91	1442,48	872,93
240000	1727,40	1439,53	871,20
245000	1727,40	1439,53	871,20
250000	1726,89	1439,53	871,05
255000	1725,04	1435,91	871,05
260000	1725,04	1435,91	871,05
265000	1725,04	1435,91	867,90
270000	1718,11	1435,91	867,75
275000	1718,11	1435,91	867,53
280000	1711,81	1432,39	864,68
285000	1711,81	1430,86	864,68
290000	1711,81	1430,86	864,00
295000	1705,77	1430,86	860,70
300000	1691,33	1424,07	857,55
305000	1691,33	1424,07	857,55
310000	1691,33	1424,07	857,55
315000	1691,33	1424,07	857,55
320000	1691,33	1421,29	857,55
325000	1688,76	1413,52	856,88
330000	1683,95	1413,52	852,53
335000	1683,95	1410,56	852,53
340000	1683,95	1410,56	852,53
345000	1681,88	1410,56	849,60
350000	1680,76	1406,67	847,65
355000	1675,48	1406,67	846,97
360000	1675,48	1406,67	846,97
365000	1675,48	1406,20	846,97
370000	1671,39	1404,57	845,78
375000	1671,39	1403,18	844,58
380000	1671,39	1402,76	843,30
385000	1669,41	1402,76	843,30
390000	1669,41	1400,85	841,43
395000	1669,41	1400,85	841,43
400000	1669,15	1400,21	840,23
405000	1669,15	1399,04	840,23
410000	1665,75	1398,17	840,23
415000	1665,75	1397,67	840,23
420000	1665,75	1397,42	839,47
425000	1663,15	1395,27	838,27
430000	1663,15	1395,27	838,27
435000	1662,93	1394,88	838,27
440000	1661,01	1394,32	835,88
445000	1660,58	1394,32	835,88
450000	1660,58	1394,27	835,88
455000	1659,42	1390,92	835,88
460000	1659,42	1390,92	835,88
465000	1658,49	1390,92	833,40
470000	1655,92	1390,92	832,73
475000	1655,92	1390,92	832,73
480000	1655,02	1390,84	832,73
485000	1649,10	1387,52	830,33
490000	1649,10	1384,32	830,33
495000	1649,10	1384,32	830,33
500000	1648,42	1384,32	830,33
505000	1646,03	1382,18	830,32
510000	1646,03	1382,18	830,32
515000	1646,03	1382,18	830,32
520000	1645,15	1378,49	830,32
525000	1644,69	1377,97	830,32
530000	1644,47	1377,97	830,32
535000	1640,07	1377,97	830,32
540000	1640,07	1377,97	830,32
545000	1640,07	1377,97	830,32
550000	1640,07	1377,97	830,32
555000	1640,07	1375,65	830,32
560000	1640,07	1375,65	830,32
565000	1640,07	1375,65	827,85
570000	1640,07	1375,65	827,85
575000	1637,01	1374,65	827,85
580000	1637,01	1374,65	827,85
585000	1637,01	1374,65	827,85
590000	1637,01	1374,65	827,85
595000	1637,01	1374,65	827,85
600000	1637,01	1373,68	827,85
605000	1637,01	1373,68	827,85
610000	1634,30	1373,68	827,85
615000	1634,30	1373,68	827,85
620000	1634,30	1373,68	827,85
625000	1634,30	1373,68	827,85
630000	1634,30	1373,68	827,85
635000	1632,26	1373,68	827,85
640000	1632,26	1373,68	825,97
645000	1632,26	1373,68	825,97
650000	1632,26	1373,68	825,97
655000	1632,26	1369,74	825,97
660000	1631,95	1369,74	825,97
665000	1631,95	1369,74	825,97
670000	1631,95	1369,74	825,97
675000	1631,95	1369,74	825,97
680000	1631,14	1369,74	825,97
685000	1631,14	1369,74	825,97
690000	1631,14	1368,53	825,97
695000	1631,14	1368,53	825,97
700000	1631,14	1368,53	825,97
705000	1630,14	1368,53	825,97
710000	1630,14	1368,53	825,97
715000	1630,14	1368,53	825,97
720000	1630,14	1368,53	825,97
725000	1630,14	1368,53	825,97
730000	1630,14	1368,40	825,97
735000	1630,14	1368,40	825,97
740000	1630,14	1368,40	825,97
745000	1630,06	1368,20	823,50
750000	1630,06	1368,20	823,50
755000	1630,06	1368,20	823,50
760000	1630,06	1368,20	823,50
765000	1630,06	1368,20	823,50
770000	1630,06	1368,20	823,50
775000	1630,06	1368,20	823,50
780000	1630,06	1368,20	823,50
785000	1630,06	1368,20	823,50
790000	1630,06	1368,20	823,50
795000	1630,06	1368,20	823,50
800000	1630,06	1368,20	822,60
805000	1630,06	1368,20	822,60
810000	1630,06	1368,20	822,60
815000	1630,06	1368,20	822,60
820000	1630,06	1368,20	822,60
825000	1630,06	1368,20	822,60
830000	1630,06	1368,20	822,60
835000	1630,06	1368,20	822,60
840000	1627,74	1367,19	822,60
845000	1627,74	1367,19	822,60
850000	1627,74	1367,19	822,60
855000	1627,74	1367,19	822,60
860000	1627,74	1367,19	822,15
865000	1627,74	1367,19	822,15
870000	1627,74	1367,19	822,15
875000	1627,74	1367,19	822,08
880000	1627,74	1367,19	822,08
885000	1627,74	1367,19	822,08
890000	1627,74	1367,19	822,08
895000	1627,74	1367,19	822,08
900000	1627,74	1367,19	822,08
905000	1627,74	1367,19	822,08
910000	1627,74	1367,19	822,08
915000	1627,74	1367,19	822,08
920000	1627,74	1367,19	822,08
925000	1626,67	1367,19	822,08
930000	1626,67	1367,19	822,08
935000	1626,67	1367,19	822,08
940000	1626,67	1367,19	822,08
945000	1626,67	1367,19	822,08
950000	1626,67	1367,19	822,08
955000	1626,67	1367,19	822,08
960000	1626,67	1367,19	821,63
965000	1626,67	1367,19	821,63
970000	1626,67	1367,19	821,63
975000	1626,67	1367,19	821,63
980000	1626,67	1367,19	821,63
985000	1626,67	1367,19	821,63
990000	1626,67	1367,19	821,63
995000	1626,67	1367,19	821,63
1000000	1626,67	1367,19	821,63
1005000	1626,67	1367,19	821,63
1010000	1626,67	1367,19	821,63
1015000	1626,67	1367,19	821,63
1020000	1626,67	1367,19	821,63
1025000	1626,67	1367,19	821,63
1030000	1626,67	1367,19	821,63
1035000	1626,67	1367,19	821,63
1040000	1626,67	1367,19	821,63
1045000	1626,67	1367,19	821,63
1050000	1626,67	1367,19	821,63
1055000	1626,67	1367,19	821,63
1060000	1626,67	1367,19	821,63
1065000	1626,67	1367,19	821,63
1070000	1626,67	1367,19	821,63
1075000	1626,67	1367,19	821,63
1080000	1626,67	1367,19	821,63
1085000	1626,67	1367,19	821,63
1090000	1626,67	1367,19	821,63
1095000	1626,67	1367,19	821,63
1100000	1626,67	1367,19	821,63
1105000	1626,67	1367,19	821,63
1110000	1626,67	1367,19	821,63
1115000	1626,67	1367,19	821,63
1120000	1626,67	1367,19	821,63
1125000	1626,67	1367,19	821,63
1130000	1626,67	1367,19	821,63
1135000	1626,67	1367,19	821,63
1140000	1626,67	1367,19	821,63
1145000	1626,67	1367,19	821,63
1150000	1626,67	1367,19	821,63
1155000	1626,67	1367,19	821,63
1160000	1626,67	1367,19	821,63
1165000	1626,67	1367,19	821,63
1170000	1626,67	1367,19	821,63
1175000	1626,67	1367,19	821,63
1180000	1626,67	1367,19	821,63
1185000	1626,67	1367,19	821,63
1190000	1626,67	1367,19	821,63
1195000	1626,67	1367,19	821,63
1200000	1626,67	1367,19	821,63
1205000	1626,67	1367,19	821,63
1210000	1626,67	1367,19	821,63
1215000	1626,67	1367,19	821,63
1220000	1626,67	1367,19	821,63
1225000	1626,67	1367,19	821,63
1230000	1626,67	1367,19	821,63
1235000	1626,67	1367,19	821,63
1240000	1626,67	1367,19	821,63
1245000	1626,67	1367,19	821,63
1250000	1626,67	1367,19	821,63
1255000	1626,67	1367,19	821,63
1260000	1626,67	1367,19	821,63
1265000	1626,67	1367,19	821,63
1270000	1626,67	1367,19	821,63
1275000	1626,67	1367,19	821,63
1280000	1626,67	1367,19	821,63
1285000	1626,67	1367,19	821,63
1290000	1626,67	1367,19	821,63
1295000	1626,67	1367,19	821,63
1300000	1626,67	1367,19	821,63
1305000	1626,67	1367,19	821,63
1310000	1626,67	1367,19	821,63
1315000	1626,67	1367,19	821,63
1320000	1626,67	1367,19	821,63
1325000	1626,67	1367,19	821,63
1330000	1626,67	1367,19	821,63
1335000	1626,67	1367,19	821,63
1340000	1626,67	1367,19	821,63
1345000	1626,67	1367,19	821,63
1350000	1626,67	1367,19	821,63
1355000	1626,67	1367,19	821,63
1360000	1626,67	1367,19	821,63
1365000	1626,67	1367,19	821,63
1370000	1626,67	1367,19	821,63
1375000	1626,67	1367,13	821,63
1380000	1626,67	1367,13	821,63
1385000	1626,67	1367,13	821,63
1390000	1626,67	1367,13	821,63
1395000	1626,67	1367,13	821,63
1400000	1626,67	1367,13	821,63
1405000	1626,67	1367,13	821,63
1410000	1626,67	1367,13	821,63
1415000	1626,67	1367,13	821,63
1420000	1626,67	1367,13	821,63
1425000	1626,67	1367,13	821,63
1430000	1626,67	1367,13	821,63
1435000	1626,67	1367,13	821,63
1440000	1626,67	1367,13	821,63
1445000	1626,67	1367,13	821,63
1450000	1626,67	1367,13	821,63
1455000	1626,67	1367,13	821,63
1460000	1626,67	1367,13	821,63
1465000	1626,67	1367,13	821,63
1470000	1626,67	1367,13	821,63
1475000	1626,67	1367,13	821,63
1480000	1626,67	1367,13	821,63
1485000	1626,67	1367,13	821,63
1490000	1626,67	1367,13	821,63
1495000	1626,67	1367,13	821,63
1500000	1626,67	1367,13	821,63
1505000	1626,67	1367,13	821,63
1510000	1626,67	1367,13	821,63
1515000	1626,67	1367,13	821,63
1520000	1626,67	1367,13	821,63
1525000	1626,67	1367,13	821,63
1530000	1626,67	1367,13	821,63
1535000	1626,67	1367,13	821,63
1540000	1626,67	1367,13	821,63
1545000	1626,67	1367,13	821,63
1550000	1626,67	1367,13	821,63
1555000	1626,67	1367,13	821,63
1560000	1626,67	1367,13	821,63
1565000	1626,67	1367,13	821,63
1570000	1626,67	1367,13	821,63
1575000	1626,67	1367,13	821,63
1580000	1626,67	1367,13	821,63
1585000	1626,67	1367,13	821,63
1590000	1626,67	1367,13	821,63
1595000	1626,67	1367,13	821,63
1600000	1626,67	1367,13	821,63
1605000	1626,67	1367,13	821,63
1610000	1626,67	1367,13	821,63
1615000	1626,67	1367,13	821,63
1620000	1626,67	1367,13	821,63
1625000	1626,67	1367,13	821,63
1630000	1626,67	1367,13	821,63
1635000	1626,67	1367,13	821,63
1640000	1626,67	1367,13	821,63
1645000	1626,67	1367,13	821,63
1650000	1626,67	1367,13	821,63
1655000	1626,67	1367,13	821,63
1660000	1626,67	1367,13	821,63
1665000	1626,67	1367,13	821,63
1670000	1626,67	1367,13	821,63
1675000	1626,67	1367,13	821,63
1680000	1626,67	1367,13	821,63
1685000	1626,67	1367,13	821,63
1690000	1626,67	1367,13	821,63
1695000	1626,67	1367,13	821,63
1700000	1626,67	1367,13	821,63
1705000	1626,67	1367,13	821,63
1710000	1626,67	1367,13	821,63
1715000	1626,67	1367,13	821,63
1720000	1626,67	1367,13	821,63
1725000	1626,67	1367,13	821,63
1730000	1626,67	1367,13	821,63
1735000	1626,67	1367,13	821,63
1740000	1626,67	1367,13	821,63
1745000	1626,67	1367,13	821,63
1750000	1626,67	1367,13	821,63
1755000	1626,67	1367,13	821,63
1760000	1626,67	1367,13	821,63
1765000	1626,67	1367,13	821,63
1770000	1626,67	1367,13	821,63
1775000	1626,67	1367,13	821,63
1780000	1626,67	1367,13	821,63
1785000	1626,67	1367,13	821,63

=== MELHOR SOLUCAO (Fitness Ponderado Minimo) ===
Fitness Ponderado: 3829,551226
Distancia: 1630,02
Tempo: 1374,41
Combustivel: 821,63

Veiculo 0: 9 clientes, demanda: 150/200, rota: [65, 9, 87, 74, 86, 57, 66, 91, 80]
Veiculo 1: 8 clientes, demanda: 161/200, rota: [92, 31, 29, 27, 34, 50, 54, 68]
Veiculo 2: 8 clientes, demanda: 98/200, rota: [95, 33, 30, 28, 26, 32, 62, 56]
Veiculo 3: 10 clientes, demanda: 181/200, rota: [83, 64, 22, 19, 21, 18, 48, 49, 20, 24]
Veiculo 4: 8 clientes, demanda: 137/200, rota: [69, 98, 82, 99, 23, 25, 77, 58]
Veiculo 5: 10 clientes, demanda: 197/200, rota: [88, 53, 12, 15, 16, 13, 11, 10, 60, 55]
Veiculo 6: 7 clientes, demanda: 109/200, rota: [76, 63, 85, 84, 94, 93, 96]
Veiculo 7: 9 clientes, demanda: 153/200, rota: [2, 8, 3, 5, 45, 4, 46, 1, 100]
Veiculo 8: 6 clientes, demanda: 102/200, rota: [14, 47, 17, 73, 78, 79]
Veiculo 9: 4 clientes, demanda: 73/200, rota: [52, 59, 75, 97]
Veiculo 10: 4 clientes, demanda: 83/200, rota: [6, 7, 43, 70]
Veiculo 11: 5 clientes, demanda: 45/200, rota: [42, 44, 61, 81, 90]
Veiculo 12: 5 clientes, demanda: 75/200, rota: [72, 71, 67, 51, 89]
Veiculo 13: 7 clientes, demanda: 160/200, rota: [41, 39, 38, 40, 35, 36, 37]
