# VRP NSGA-III - Frente de Pareto
# Tempo: 518044 ms | Tamanho: 9
# Formato: Distancia Tempo Combustivel FitnessPonderado

1669,664415 1408,321607 840,600000 3922,086023
1667,191722 1409,577368 840,000000 3920,269090
1671,950097 1405,684787 841,950000 3923,084884
1661,585534 1436,003764 837,525000 3938,614298
1664,906041 1412,214188 838,650000 3919,270229
1661,747499 1418,940783 840,000000 3924,188281
1658,426992 1442,730358 838,875000 3943,532350
1659,810987 1422,789944 840,000000 3926,100930
1662,969529 1416,063349 838,650000 3921,182878
