# VRP NSGA-III - Frente de Pareto
# Tempo: 476265 ms | Tamanho: 11
# Formato: Distancia Tempo Combustivel FitnessPonderado

1614,943103 1417,010536 809,925000 3845,378638
1632,189952 1388,488596 822,900000 3847,078548
1618,782117 1396,375896 816,675000 3835,333013
1617,402779 1411,583419 813,000000 3845,486198
1616,105492 1408,586612 815,400000 3843,592105
1609,624288 1415,552475 811,050000 3839,726763
1610,921575 1418,549282 808,650000 3841,620856
1614,530929 1413,353959 811,650000 3843,034888
1613,233643 1410,357152 814,050000 3841,140795
1630,987194 1387,230169 825,900000 3847,617363
1613,645816 1414,013729 812,325000 3843,484545
