# VRP NSGA-III - Frente de Pareto
# Tempo: 518279 ms | Tamanho: 15
# Formato: Distancia Tempo Combustivel FitnessPonderado

1633,213946 1374,270598 823,950000 3834,934544
1626,669251 1390,592556 822,150000 3842,911807
1639,611857 1367,129026 829,050000 3839,290884
1629,371468 1386,696604 821,625000 3841,193072
1630,015747 1374,410479 821,625000 3829,551226
1641,011514 1367,828854 826,500000 3838,840368
1631,814290 1373,570770 826,500000 3835,385060
1627,313529 1378,306431 822,150000 3831,269960
1626,769851 1379,645628 822,150000 3832,065479
1636,459842 1369,035448 823,425000 3832,420291
1629,472069 1375,749677 821,625000 3830,346745
1634,516507 1369,674818 825,975000 3833,666325
1633,757625 1372,931400 823,950000 3834,139025
1632,357968 1372,231572 826,500000 3834,589540
1635,916164 1370,374646 823,425000 3833,215810
