# VRP NSGA-III - Frente de Pareto
# Tempo: 493627 ms | Tamanho: 15
# Formato: Distancia Tempo Combustivel FitnessPonderado

1664,356312 1390,255995 842,025000 3900,137307
1643,854246 1398,313398 825,750000 3871,417645
1638,419297 1405,611500 825,900000 3873,430797
1633,237627 1410,067124 826,125000 3872,929750
1636,999244 1400,333689 826,425000 3867,257933
1623,231181 1416,133583 821,625000 3864,489764
1630,684057 1414,592145 820,950000 3869,726201
1643,398026 1410,089930 825,750000 3882,737957
1625,933399 1412,237631 821,100000 3862,771030
1631,684321 1411,073473 824,175000 3870,432794
1659,715100 1391,688112 837,675000 3892,578212
1639,103589 1395,958885 825,900000 3864,462473
1650,947558 1393,576109 831,450000 3879,473667
1655,588769 1392,143992 835,800000 3887,032762
1636,363481 1408,913053 826,650000 3875,426534
