# VRP NSGA-III - Frente de Pareto
# Tempo: 479886 ms | Tamanho: 23
# Formato: Distancia Tempo Combustivel FitnessPonderado

1625,471342 1399,392751 815,625000 3843,989093
1621,245301 1390,057122 821,550000 3836,352423
1625,796973 1388,850528 823,425000 3841,572501
1625,995959 1392,411636 821,400000 3843,307595
1637,412108 1385,882691 825,150000 3851,944799
1621,038598 1392,743109 819,075000 3836,356707
1621,237584 1396,304217 817,050000 3838,091801
1632,931934 1391,604218 820,650000 3848,686152
1656,826345 1381,951239 838,725000 3881,002584
1623,422902 1393,142286 816,450000 3836,515187
1628,181276 1389,249705 820,800000 3841,730981
1618,535367 1400,200169 816,375000 3838,610535
1620,000826 1400,953713 815,250000 3839,704539
1616,486927 1393,949703 817,200000 3831,136630
1628,173560 1395,496799 816,300000 3843,470359
1620,720684 1397,038237 815,775000 3837,033922
1627,974573 1391,935692 818,325000 3841,735265
1632,732948 1388,043111 822,675000 3846,951059
1624,751484 1403,308227 815,100000 3846,659711
1613,784709 1397,845655 816,525000 3831,655364
1648,058803 1383,839236 832,500000 3867,898038
1637,161797 1386,394530 829,050000 3856,106327
1648,044117 1384,855978 833,175000 3869,575095
