# VRP NSGA-III - Frente de Pareto
# Tempo: 511367 ms | Tamanho: 15
# Formato: Distancia Tempo Combustivel FitnessPonderado

1653,191124 1417,272515 834,075000 3908,038639
1668,115245 1407,010423 845,100000 3923,725668
1661,094542 1408,322403 838,275000 3911,191945
1643,923634 1435,857398 830,250000 3913,531033
1641,221417 1439,753350 830,775000 3915,249767
1648,475306 1434,650804 833,325000 3919,951110
1648,766772 1432,007199 831,450000 3915,723971
1650,488907 1421,168467 834,600000 3909,757373
1652,029211 1417,767403 837,075000 3910,371615
1651,576289 1426,077798 832,725000 3913,879087
1648,874071 1429,973750 833,250000 3915,597821
1653,549187 1416,068554 837,600000 3910,717741
1656,251405 1412,172602 837,075000 3908,999007
1649,326994 1421,663355 837,600000 3912,090349
1658,034262 1413,422316 835,275000 3910,231577
