# VRP NSGA-III - Frente de Pareto
# Tempo: 484916 ms | Tamanho: 19
# Formato: Distancia Tempo Combustivel FitnessPonderado

1212,457372 5152,984602 606,000000 6928,561130
1210,289215 5155,145869 608,700000 6931,254240
1214,479919 5145,429454 612,000000 6953,101627
1220,242986 5140,590705 608,325000 6949,359176
1215,900656 5145,643938 608,325000 6950,070078
1216,799702 5147,931369 606,000000 6927,850228
1199,422081 5160,964439 601,200000 6941,787005
1198,001344 5160,749955 604,875000 6944,818553
1212,504661 5147,309320 611,025000 6952,031235
1216,846991 5142,256088 615,375000 6955,670333
1195,978798 5168,305103 598,875000 6920,278057
1210,482115 5154,864468 605,025000 6927,490739
1218,822249 5140,376222 612,000000 6952,390724
1218,267728 5142,470571 611,700000 6952,638784
1202,343674 5155,696722 607,650000 6946,882651
1213,925398 5147,523804 607,350000 6948,999687
1212,264472 5153,266003 609,675000 6932,324632
1195,785898 5168,586504 602,550000 6924,041558
1203,764412 5155,911206 603,975000 6943,851102
