# VRP NSGA-III - Frente de Pareto
# Tempo: 496419 ms | Tamanho: 24
# Formato: Distancia Tempo Combustivel FitnessPonderado

1237,193530 5238,003022 625,950000 7051,746552
1237,783812 5238,041514 623,475000 7049,900326
1220,895191 5276,460604 621,225000 7096,327849
1220,497808 5276,518562 620,025000 7094,788424
1237,590913 5237,945064 627,150000 7053,285977
1225,237521 5240,991895 622,800000 7066,776471
1234,969025 5239,208052 621,075000 7045,852077
1228,062688 5248,254883 616,725000 7081,692571
1224,840138 5241,049853 621,600000 7065,237046
1222,422734 5242,158433 620,400000 7062,728222
1218,080404 5277,627142 618,825000 7092,279600
1225,430420 5241,088345 619,125000 7063,390820
1225,033038 5241,146303 619,875000 7063,801395
1222,615633 5242,254883 616,725000 7059,342571
1220,690707 5276,615011 618,300000 7093,352774
1221,088090 5276,557054 617,550000 7092,942199
1237,386430 5238,099471 624,225000 7050,310901
1234,776126 5239,111602 624,750000 7049,237728
1256,221306 5237,138076 632,175000 7076,134382
1267,233164 5229,945840 640,425000 7107,163476
1282,403143 5227,485850 650,250000 7141,331247
1218,273303 5277,723592 615,150000 7088,893950
1223,720358 5283,723592 615,150000 7111,243950
1283,823880 5227,700333 646,575000 7138,299698
