# VRP NSGA-III - Frente de Pareto
# Tempo: 487519 ms | Tamanho: 16
# Formato: Distancia Tempo Combustivel FitnessPonderado

1325,159133 5297,890307 666,150000 7272,042884
1324,358000 5297,489740 668,625000 7273,316184
1321,844161 5297,234532 669,900000 7271,822137
1356,316965 5286,939028 682,875000 7308,974437
1313,980844 5392,310856 665,550000 7374,841700
1322,645294 5297,635099 667,425000 7270,548838
1324,893884 5289,420592 668,775000 7265,932921
1325,686195 5290,930310 667,500000 7266,959950
1315,433147 5391,755371 663,450000 7373,638518
1323,517147 5298,930310 665,100000 7270,390902
1322,188951 5305,489740 666,225000 7276,747136
1322,990085 5305,890307 663,750000 7275,473836
1327,407723 5288,484407 667,500000 7266,235575
1323,172356 5290,675102 668,775000 7265,465903
1324,366823 5296,380588 667,425000 7271,015855
1326,880661 5295,444404 666,150000 7271,318509
