# VRP NSGA-III - Frente de Pareto
# Tempo: 491489 ms | Tamanho: 26
# Formato: Distancia Tempo Combustivel FitnessPonderado

1198,499333 5244,965473 598,875000 7025,183250
1182,225763 5348,055506 597,000000 7130,281270
1225,405097 5222,126798 616,050000 7046,425339
1195,954160 5229,530105 600,225000 7008,552710
1197,675689 5226,390870 600,225000 7007,135003
1191,267012 5293,939534 600,075000 7088,281547
1193,333358 5265,170195 598,650000 7039,996998
1228,484353 5210,884940 618,000000 7040,212738
1221,221772 5225,813799 613,200000 7043,079016
1219,517959 5226,205760 610,500000 7039,067163
1191,611803 5302,194742 598,350000 7095,156545
1194,157003 5283,744798 597,300000 7058,045245
1222,943300 5222,674563 613,200000 7041,661308
1230,675646 5205,099911 622,575000 7041,194001
1228,522461 5219,142427 615,900000 7014,164888
1191,611830 5268,309431 598,650000 7041,414705
1193,780851 5294,194742 598,350000 7089,325593
1186,568093 5330,357127 600,150000 7120,075221
1191,266439 5330,300298 600,075000 7124,641737
1221,061537 5226,095200 616,875000 7046,875181
1228,340024 5219,423828 619,575000 7017,938852
1226,036357 5222,097208 616,050000 7047,027009
1228,668928 5222,281663 615,825000 7017,375590
1232,397174 5201,960676 622,575000 7039,776294
1226,800933 5222,281663 615,900000 7015,582596
1228,771903 5207,028715 618,000000 7036,644063
