# VRP NSGA-III - Frente de Pareto
# Tempo: 489351 ms | Tamanho: 18
# Formato: Distancia Tempo Combustivel FitnessPonderado

1220,059113 5212,513751 612,900000 7023,219919
1217,385275 5261,872708 614,100000 7071,105037
1222,681001 5211,250764 618,975000 7030,653819
1235,227292 5208,300382 619,650000 7013,777674
1219,299229 5261,872708 612,900000 7071,818991
1222,476517 5211,405171 616,050000 7027,678743
1234,637010 5208,261890 622,125000 7015,623900
1222,873900 5211,347214 615,300000 7027,268168
1232,219606 5209,370470 620,925000 7013,115076
1211,432936 5279,654109 614,700000 7083,534100
1251,744094 5207,875078 627,675000 7037,894172
1232,412505 5209,466920 617,250000 7009,729425
1211,625836 5279,372708 611,025000 7079,770598
1234,829909 5208,358340 620,400000 7014,188249
1219,866214 5212,417302 616,575000 7026,605570
1217,192375 5262,154109 615,375000 7072,468538
1222,283618 5211,308721 617,775000 7029,114394
1253,664786 5207,396944 628,350000 7040,011730
