# VRP NSGA-III - Frente de Pareto
# Tempo: 485418 ms | Tamanho: 10
# Formato: Distancia Tempo Combustivel FitnessPonderado

1254,288006 5293,080085 629,850000 7160,061535
1252,669852 5257,416235 630,525000 7123,454532
1257,012183 5253,580085 630,525000 7123,960712
1249,281219 5310,580085 626,175000 7168,879748
1244,938889 5314,416235 626,175000 7168,373568
1249,945676 5296,916235 629,850000 7159,555355
1243,306323 5321,451036 630,300000 7177,900804
1244,194192 5314,671443 629,175000 7170,884080
1248,536523 5310,835293 629,175000 7171,390260
1244,107457 5321,851603 627,825000 7176,627504
