# VRP NSGA-III - Frente de Pareto
# Tempo: 491408 ms | Tamanho: 10
# Formato: Distancia Tempo Combustivel FitnessPonderado

1235,637045 5133,660493 617,775000 6969,915981
1232,934170 5135,992311 619,425000 6971,194925
1230,313368 5139,999842 619,425000 6972,581654
1229,573186 5143,946495 617,775000 6974,138126
1234,655698 5132,853075 619,425000 6969,777217
1256,762851 5132,786856 627,225000 6967,374707
1228,591840 5143,139078 619,425000 6973,999362
1233,915516 5136,799728 617,775000 6971,333689
1231,294714 5140,807259 617,775000 6972,720418
1257,874140 5132,201070 631,575000 6972,250210
