# VRP NSGA-III - Frente de Pareto
# Tempo: 487190 ms | Tamanho: 19
# Formato: Distancia Tempo Combustivel FitnessPonderado

1196,207421 5259,496488 604,425000 7042,972354
1200,180729 5257,050585 602,475000 7042,549758
1193,586619 5266,605827 601,650000 7044,685890
1176,445923 5274,246733 591,975000 7045,667656
1170,382064 5282,439202 586,875000 7042,696266
1194,116870 5267,860337 599,700000 7044,520652
1197,928950 5258,241977 604,425000 7043,439371
1195,838399 5265,414434 599,700000 7043,796277
1228,759773 5240,851323 616,275000 7068,729541
1223,288678 5255,139574 616,350000 7077,621696
1225,539969 5245,524163 616,275000 7070,182576
1172,103592 5279,299966 588,825000 7043,228558
1230,481302 5237,712087 616,275000 7067,311833
1198,459201 5259,496488 602,475000 7043,274133
1224,417443 5249,215172 616,275000 7072,751060
1174,724394 5277,385969 590,025000 7045,135363
1227,261497 5242,384927 616,275000 7068,764868
1191,865091 5267,860337 601,650000 7044,218873
1226,138972 5246,075936 616,275000 7071,333352
