# VRP NSGA-III - Frente de Pareto
# Tempo: 490765 ms | Tamanho: 15
# Formato: Distancia Tempo Combustivel FitnessPonderado

1225,467932 5254,643840 617,400000 7080,355217
1222,231086 5292,259115 615,450000 7112,783645
1227,719712 5253,452448 616,650000 7080,665604
1225,550663 5264,759115 616,650000 7089,803223
1214,194739 5309,759115 612,375000 7119,172299
1228,799676 5288,422965 614,250000 7114,316085
1229,810263 5250,807690 617,400000 7080,861397
1224,708048 5292,259115 614,250000 7114,060608
1277,183976 5248,922965 640,350000 7149,300385
1232,062042 5249,616298 616,650000 7081,171784
1276,859629 5249,448552 638,400000 7147,551625
1226,573416 5288,422965 615,450000 7113,289825
1218,537070 5305,922965 612,375000 7119,678479
1229,074010 5288,422965 613,575000 7113,915419
1224,731680 5292,259115 613,575000 7113,409239
