# AEMMT - Frente de Pareto (tabela de nao-dominancia)
# Instancia: c107
# Tamanho: 9 solucoes nao-dominadas
# Formato: distancia<TAB>tempo<TAB>combustivel<TAB>num_veiculos

1220,724500	5350,981239	610,800000	13
1223,962709	5334,953482	613,725000	13
1232,342884	5333,005111	622,425000	13
1225,066830	5350,615808	612,375000	13
1228,305039	5334,588051	615,300000	13
1236,685214	5332,639680	624,000000	13
1217,628825	5385,214309	609,150000	13
1271,838892	5313,923319	640,350000	13
1276,256706	5308,013584	642,525000	13
